,0,1,2,3,4,5,6,7,8,9,10,11,12,13,14
0,0.33143019676208496,0.2791967988014221,0.2519017159938812,0.23274339735507965,0.21905553340911865,0.2092289924621582,0.2019825279712677,0.19613298773765564,0.1924859583377838,0.18734565377235413,0.1897752285003662,0.1929931342601776,0.18694919347763062,0.183437779545784,0.18280477821826935
1,0.35366347432136536,0.3119070529937744,0.3007054626941681,0.29367735981941223,0.2892754375934601,0.2874361276626587,0.2846629321575165,0.28445011377334595,0.28074169158935547,0.2797427475452423,0.2775145173072815,0.27753570675849915,0.27413660287857056,0.2735377550125122,0.27400580048561096
2,0.3785991072654724,0.3408623933792114,0.328732967376709,0.3227859437465668,0.31767410039901733,0.3174792528152466,0.31711137294769287,0.31460678577423096,0.3145582675933838,0.31275156140327454,0.31152990460395813,0.3111245334148407,0.3092633783817291,0.30788281559944153,0.3112385869026184
3,0.44591012597084045,0.3717705011367798,0.357455849647522,0.35217544436454773,0.34548282623291016,0.3425707221031189,0.3418116867542267,0.3404816687107086,0.33867308497428894,0.3405131697654724,0.33588799834251404,0.33437877893447876,0.3305828273296356,0.32708540558815,0.32581475377082825
4,0.39382871985435486,0.3677498698234558,0.3579574227333069,0.35381731390953064,0.3499719500541687,0.3483087718486786,0.35021504759788513,0.34406089782714844,0.3419530689716339,0.3437606394290924,0.33963504433631897,0.34073585271835327,0.33539652824401855,0.334547758102417,0.3363203704357147
5,0.39671584963798523,0.3700229227542877,0.3645497262477875,0.35980722308158875,0.35816690325737,0.3566068410873413,0.35519564151763916,0.3545854091644287,0.35482320189476013,0.3523021936416626,0.35071465373039246,0.35019874572753906,0.3491102457046509,0.3489181101322174,0.3454495668411255
6,0.38395172357559204,0.37472233176231384,0.36988452076911926,0.37051671743392944,0.3665739893913269,0.36842745542526245,0.36597782373428345,0.365138977766037,0.36612582206726074,0.36444807052612305,0.36372917890548706,0.3652456998825073,0.365886926651001,0.36290243268013,0.36534997820854187
7,0.3969164788722992,0.38223758339881897,0.3797697424888611,0.37801507115364075,0.37779274582862854,0.37710317969322205,0.37667545676231384,0.38071104884147644,0.3756539821624756,0.37519288063049316,0.374361127614975,0.3749474585056305,0.37381550669670105,0.3755422532558441,0.37461182475090027
8,0.4266994595527649,0.396198570728302,0.3912835717201233,0.38959774374961853,0.38792163133621216,0.38755226135253906,0.388164222240448,0.3864673972129822,0.38644275069236755,0.3851112127304077,0.3848388195037842,0.38706284761428833,0.385357141494751,0.38371211290359497,0.38291609287261963
9,0.40695181488990784,0.39239493012428284,0.39147958159446716,0.3909063935279846,0.3915301561355591,0.3907299041748047,0.3903370797634125,0.3899455666542053,0.38996681571006775,0.38971978425979614,0.38963884115219116,0.38881969451904297,0.3900827169418335,0.3889341354370117,0.38853704929351807
10,0.9692739248275757,0.41311755776405334,0.36314839124679565,0.3363751769065857,0.31209635734558105,0.29643359780311584,0.2848406732082367,0.27756115794181824,0.2679811120033264,0.2686416506767273,0.2617402672767639,0.25518864393234253,0.25361862778663635,0.26240211725234985,0.25400108098983765
11,0.4820146858692169,0.39118409156799316,0.37987658381462097,0.37902727723121643,0.3743377923965454,0.3746240735054016,0.3707806468009949,0.36878085136413574,0.3721368908882141,0.3685767352581024,0.36973631381988525,0.3667241930961609,0.3703646659851074,0.3675987124443054,0.36556291580200195
12,0.5444676876068115,0.43681472539901733,0.43001019954681396,0.4259146451950073,0.42159101366996765,0.4194590449333191,0.41699010133743286,0.4165361225605011,0.41294535994529724,0.41471225023269653,0.41274362802505493,0.41169285774230957,0.41255560517311096,0.4123762845993042,0.41470691561698914
13,0.5027429461479187,0.4561382830142975,0.45130622386932373,0.44928961992263794,0.44662991166114807,0.4466266632080078,0.44472983479499817,0.44298291206359863,0.4461976885795593,0.4428049325942993,0.4404672086238861,0.44132158160209656,0.4392252266407013,0.43697187304496765,0.4366607367992401
14,0.47745999693870544,0.47108376026153564,0.4675278067588806,0.4697798788547516,0.46647289395332336,0.46532660722732544,0.4640932083129883,0.4646235406398773,0.4640260636806488,0.46315133571624756,0.46101877093315125,0.461262047290802,0.4601920545101166,0.4622054100036621,0.46022558212280273
15,0.6372427344322205,0.48730188608169556,0.4822080433368683,0.48133546113967896,0.4763794541358948,0.4755060076713562,0.47579225897789,0.47283318638801575,0.4754912555217743,0.47172051668167114,0.4720662534236908,0.47378209233283997,0.4691629111766815,0.4686067998409271,0.46994054317474365
16,0.7292219400405884,0.49358639121055603,0.49102509021759033,0.4911714196205139,0.487638384103775,0.48602813482284546,0.4832335412502289,0.48406317830085754,0.4801284074783325,0.48261550068855286,0.4798591434955597,0.4798898994922638,0.4789087772369385,0.47927480936050415,0.4794207215309143
17,0.599062979221344,0.4992181658744812,0.49495354294776917,0.49225789308547974,0.4927724301815033,0.49331602454185486,0.4902998208999634,0.49024882912635803,0.4872032105922699,0.48839205503463745,0.48957279324531555,0.4874662160873413,0.48665013909339905,0.48575401306152344,0.4838537573814392
18,0.794671893119812,0.5114327073097229,0.5042797327041626,0.4987866282463074,0.4980223774909973,0.49748143553733826,0.4973510205745697,0.49545571208000183,0.4962689280509949,0.49529531598091125,0.49263179302215576,0.4894903600215912,0.4902825355529785,0.4872100055217743,0.4835125505924225
19,0.6246853470802307,0.5076715350151062,0.5067901611328125,0.5037655830383301,0.5007085204124451,0.49861931800842285,0.4976154863834381,0.49548566341400146,0.4968647360801697,0.49628689885139465,0.4942066967487335,0.4944842457771301,0.49276402592658997,0.4934699535369873,0.4926862120628357
20,1.3387162685394287,1.2953356504440308,1.2872021198272705,1.2801880836486816,1.2746745347976685,1.269539475440979,1.2662522792816162,1.2645114660263062,1.2616996765136719,1.2620658874511719,1.2621426582336426,1.2596542835235596,1.2599756717681885,1.2587089538574219,1.2589982748031616
21,1.3168330192565918,1.3069170713424683,1.3050146102905273,1.3041011095046997,1.303643822669983,1.3042622804641724,1.3029377460479736,1.303526520729065,1.3036532402038574,1.3025014400482178,1.3026124238967896,1.3042784929275513,1.3024648427963257,1.3031301498413086,1.3031708002090454
22,1.3445045948028564,1.3198236227035522,1.3197205066680908,1.3181957006454468,1.3183457851409912,1.3180917501449585,1.3172944784164429,1.316054344177246,1.3170753717422485,1.3173290491104126,1.3166710138320923,1.316468596458435,1.3169503211975098,1.3158209323883057,1.316056251525879
23,1.3736885786056519,1.3260349035263062,1.3260278701782227,1.32502019405365,1.3246805667877197,1.3240286111831665,1.3242422342300415,1.3230959177017212,1.3240530490875244,1.3235796689987183,1.3234049081802368,1.324060320854187,1.3228564262390137,1.3223819732666016,1.322975993156433
24,1.3740357160568237,1.3341552019119263,1.3311197757720947,1.328593134880066,1.3287655115127563,1.328029990196228,1.3277486562728882,1.3266360759735107,1.3273088932037354,1.3275221586227417,1.3267003297805786,1.326318621635437,1.3261810541152954,1.3264284133911133,1.3256120681762695
25,1.3491671085357666,1.335770606994629,1.3329168558120728,1.3324416875839233,1.331946849822998,1.331442952156067,1.3310307264328003,1.330828309059143,1.3307077884674072,1.3303519487380981,1.330796241760254,1.3288620710372925,1.329306721687317,1.3297059535980225,1.3290890455245972
26,1.352473258972168,1.3393936157226562,1.3383996486663818,1.3376169204711914,1.3375234603881836,1.336824893951416,1.336714506149292,1.3374662399291992,1.3373922109603882,1.3369476795196533,1.3368233442306519,1.3366345167160034,1.3367717266082764,1.3357088565826416,1.3360406160354614
27,1.3581074476242065,1.3470094203948975,1.3457975387573242,1.3444693088531494,1.3446825742721558,1.3449820280075073,1.3441705703735352,1.3443437814712524,1.3428330421447754,1.343818187713623,1.3444201946258545,1.3432340621948242,1.3420438766479492,1.3433501720428467,1.3435345888137817
28,1.355323076248169,1.3499321937561035,1.348917841911316,1.3500101566314697,1.3487883806228638,1.3491063117980957,1.3490146398544312,1.3483390808105469,1.3492506742477417,1.348528504371643,1.3476141691207886,1.3472100496292114,1.3480709791183472,1.346472978591919,1.3459577560424805
29,1.3667101860046387,1.358748435974121,1.3574331998825073,1.3555984497070312,1.3574920892715454,1.356475830078125,1.3559539318084717,1.356825828552246,1.355559229850769,1.3561253547668457,1.3545762300491333,1.3560030460357666,1.355836272239685,1.3552906513214111,1.355577826499939
30,0.2552594244480133,0.14702527225017548,0.13282141089439392,0.12643717229366302,0.12185724824666977,0.11812859773635864,0.1165706142783165,0.11410252749919891,0.11291760206222534,0.11167806386947632,0.11127379536628723,0.1100248172879219,0.10971803218126297,0.10819900035858154,0.10861416906118393
31,0.19205555319786072,0.15314915776252747,0.14874562621116638,0.14370544254779816,0.1410140097141266,0.13904276490211487,0.13774865865707397,0.1364849954843521,0.13535745441913605,0.13485842943191528,0.13470406830310822,0.13327722251415253,0.13213275372982025,0.13184501230716705,0.13306647539138794
32,0.2315858006477356,0.16552411019802094,0.15814615786075592,0.15483328700065613,0.15297609567642212,0.1518109142780304,0.1505690962076187,0.14945542812347412,0.14915242791175842,0.14845742285251617,0.14811009168624878,0.14761196076869965,0.14765578508377075,0.1468111276626587,0.1460038721561432
33,0.26014965772628784,0.17398926615715027,0.1678628772497177,0.16386717557907104,0.16186222434043884,0.1604236215353012,0.16002602875232697,0.15893584489822388,0.1590673178434372,0.15855859220027924,0.15856695175170898,0.15744246542453766,0.15785112977027893,0.15677618980407715,0.15600034594535828
34,0.2588528096675873,0.17595313489437103,0.17137238383293152,0.16911178827285767,0.1683143526315689,0.16685166954994202,0.16613712906837463,0.16621673107147217,0.16558632254600525,0.1661664992570877,0.16635745763778687,0.16517822444438934,0.16499949991703033,0.165151908993721,0.16464845836162567
35,0.22624510526657104,0.17739276587963104,0.1753758043050766,0.17522282898426056,0.17409691214561462,0.17425502836704254,0.17466457188129425,0.1734539270401001,0.17344564199447632,0.17269551753997803,0.17244994640350342,0.17245833575725555,0.1722656488418579,0.1714949756860733,0.17137525975704193
36,0.19674767553806305,0.18190990388393402,0.1810505986213684,0.18088151514530182,0.18084606528282166,0.18127858638763428,0.18162348866462708,0.18072453141212463,0.18043704330921173,0.18072660267353058,0.18026965856552124,0.1801363229751587,0.17997707426548004,0.18052341043949127,0.18012486398220062
37,0.2228783816099167,0.18904359638690948,0.18734872341156006,0.18733686208724976,0.18727929890155792,0.18623551726341248,0.18653400242328644,0.18721316754817963,0.18595604598522186,0.18574632704257965,0.18572606146335602,0.18586106598377228,0.18546132743358612,0.18508173525333405,0.18542365729808807
38,0.3010067343711853,0.1956053525209427,0.1920529007911682,0.1916678249835968,0.1912575513124466,0.1898537576198578,0.19006261229515076,0.1900584101676941,0.1902504712343216,0.1897885650396347,0.1886376440525055,0.18943080306053162,0.1884870082139969,0.18877899646759033,0.18827426433563232
39,0.2385672777891159,0.19519200921058655,0.19392502307891846,0.19330112636089325,0.19330614805221558,0.19285865128040314,0.19270211458206177,0.19295670092105865,0.19257867336273193,0.1927819550037384,0.1926024705171585,0.19265656173229218,0.19259977340698242,0.19205863773822784,0.1925836205482483
40,1.6072802543640137,1.5590986013412476,1.5323683023452759,1.4692705869674683,1.3905138969421387,1.3520698547363281,1.3106380701065063,1.284263253211975,1.2619248628616333,1.2424882650375366,1.3051257133483887,1.2124730348587036,1.1934813261032104,1.1760224103927612,1.2130341529846191
41,1.6414175033569336,1.5646171569824219,1.5363367795944214,1.5128825902938843,1.4854183197021484,1.462537169456482,1.4440248012542725,1.4224824905395508,1.4048144817352295,1.389818787574768,1.3841321468353271,1.3635088205337524,1.3511401414871216,1.3395240306854248,1.32811439037323
42,1.6024479866027832,1.5536690950393677,1.5412979125976562,1.5311344861984253,1.5220290422439575,1.5137341022491455,1.5053253173828125,1.4982084035873413,1.4889317750930786,1.4816255569458008,1.4697707891464233,1.4618897438049316,1.451804518699646,1.4485483169555664,1.4331352710723877
43,1.5965030193328857,1.5754419565200806,1.570776104927063,1.567423939704895,1.5653797388076782,1.561434268951416,1.5594260692596436,1.5570777654647827,1.5539906024932861,1.5540584325790405,1.5513008832931519,1.5530036687850952,1.5499213933944702,1.5472676753997803,1.5458767414093018
44,1.635920763015747,1.5822844505310059,1.57902193069458,1.5761373043060303,1.5734715461730957,1.5723893642425537,1.570929765701294,1.5718598365783691,1.5697530508041382,1.5658793449401855,1.5653146505355835,1.5661840438842773,1.5711804628372192,1.5608876943588257,1.5495622158050537
45,1.6052312850952148,1.5800676345825195,1.5781608819961548,1.5807889699935913,1.5805147886276245,1.5738863945007324,1.570918083190918,1.568398356437683,1.5675352811813354,1.5645719766616821,1.56210458278656,1.557487964630127,1.5590851306915283,1.552306056022644,1.5510146617889404
46,1.6209362745285034,1.583557367324829,1.5795485973358154,1.5791356563568115,1.5768882036209106,1.5718953609466553,1.571005940437317,1.57257080078125,1.5687916278839111,1.5572714805603027,1.5715162754058838,1.5660874843597412,1.556337833404541,1.549626111984253,1.5472437143325806
47,1.5923542976379395,1.582760214805603,1.5802868604660034,1.5766282081604004,1.5710549354553223,1.5622225999832153,1.5779821872711182,1.5430938005447388,1.5896443128585815,1.5851739645004272,1.5818525552749634,1.5800379514694214,1.5787464380264282,1.573004961013794,1.5520126819610596
48,1.6122764348983765,1.5869017839431763,1.584993839263916,1.5834802389144897,1.5811259746551514,1.578678846359253,1.571977138519287,1.572159767150879,1.5753049850463867,1.5530561208724976,1.5833373069763184,1.5837270021438599,1.5848950147628784,1.5801212787628174,1.5812127590179443
49,1.6216905117034912,1.5880714654922485,1.5849759578704834,1.5828112363815308,1.5783641338348389,1.5743159055709839,1.571400761604309,1.573522686958313,1.5621446371078491,1.5544894933700562,1.5476922988891602,1.5262025594711304,1.571730613708496,1.6272276639938354,1.6276907920837402
