,0,1,2,3,4,5,6,7,8,9,10,11,12,13,14
0,0.3873247802257538,0.28939661383628845,0.250345379114151,0.231450155377388,0.2196483463048935,0.21214048564434052,0.20765471458435059,0.19933925569057465,0.1971500664949417,0.19400851428508759,0.19215746223926544,0.18982824683189392,0.19840921461582184,0.1872180849313736,0.18704286217689514
1,0.4892129898071289,0.3417852520942688,0.2788355350494385,0.24063709378242493,0.2299773395061493,0.21332097053527832,0.20464661717414856,0.19857393205165863,0.19940142333507538,0.19010275602340698,0.20316262543201447,0.19536219537258148,0.18501612544059753,0.18751691281795502,0.18564364314079285
2,0.24848704040050507,0.22484543919563293,0.21087296307086945,0.19794920086860657,0.18933717906475067,0.18178334832191467,0.1761731654405594,0.1732676923274994,0.17257440090179443,0.16780996322631836,0.16817237436771393,0.16842897236347198,0.1650295853614807,0.165540412068367,0.16401374340057373
3,0.2434256672859192,0.21708112955093384,0.20596250891685486,0.19326333701610565,0.1833912432193756,0.17655523121356964,0.17126891016960144,0.16806840896606445,0.16494004428386688,0.16303950548171997,0.16291867196559906,0.164311483502388,0.16083484888076782,0.1596211940050125,0.15847422182559967
4,0.23429401218891144,0.2200959026813507,0.20861822366714478,0.19649599492549896,0.18334627151489258,0.17481467127799988,0.16746927797794342,0.1651061326265335,0.16492724418640137,0.16012778878211975,0.1585923284292221,0.15806235373020172,0.15598127245903015,0.15491217374801636,0.15419292449951172
5,0.2645501494407654,0.22326619923114777,0.2099892944097519,0.19740015268325806,0.1843586564064026,0.17676237225532532,0.17168834805488586,0.17434869706630707,0.16627807915210724,0.1636282056570053,0.1628514528274536,0.16171106696128845,0.15956588089466095,0.15929561853408813,0.15939269959926605
6,0.25564903020858765,0.2207469344139099,0.20688901841640472,0.18961584568023682,0.17805816233158112,0.17152930796146393,0.16635769605636597,0.16711312532424927,0.1618507206439972,0.16109445691108704,0.16015811264514923,0.15980517864227295,0.1589718610048294,0.15804670751094818,0.15665452182292938
7,0.22818708419799805,0.21077114343643188,0.20159800350666046,0.18764165043830872,0.17638079822063446,0.168648824095726,0.16501185297966003,0.1655803918838501,0.1607445925474167,0.16002793610095978,0.15912938117980957,0.15679965913295746,0.18446505069732666,0.15624044835567474,0.1550709456205368
8,0.1631324589252472,0.14429791271686554,0.1374378800392151,0.13253898918628693,0.12784096598625183,0.12320289760828018,0.11961390823125839,0.11605618894100189,0.11535455286502838,0.11262103915214539,0.11283181607723236,0.11173193156719208,0.11035829037427902,0.11139053851366043,0.11065446585416794
9,0.1560913324356079,0.14116035401821136,0.13371311128139496,0.12660954892635345,0.12134838849306107,0.11892194300889969,0.1177561953663826,0.11620558798313141,0.11768579483032227,0.11434079706668854,0.11358656734228134,0.11416813731193542,0.11407065391540527,0.11410372704267502,0.1135893240571022
10,0.1730131208896637,0.1454845815896988,0.13730619847774506,0.13109077513217926,0.12698374688625336,0.12286783009767532,0.12026480585336685,0.11853744834661484,0.11680800467729568,0.11514591425657272,0.11525597423315048,0.11346036940813065,0.1131349429488182,0.1127968281507492,0.11447858810424805
11,0.19389033317565918,0.1457984745502472,0.13728192448616028,0.13012759387493134,0.1250922530889511,0.11988906562328339,0.11564818769693375,0.11407754570245743,0.11308686435222626,0.11127804219722748,0.11024682968854904,0.10928314179182053,0.10847648233175278,0.10938668251037598,0.10873915255069733
12,0.17772671580314636,0.13913527131080627,0.13284431397914886,0.12526461482048035,0.11980769783258438,0.11653343588113785,0.11353839933872223,0.11166754364967346,0.11143747717142105,0.11050165444612503,0.11126252263784409,0.11916976422071457,0.10930357873439789,0.11113805323839188,0.10771781951189041
13,0.18507923185825348,0.14645561575889587,0.1374325156211853,0.13058748841285706,0.12505334615707397,0.1198892593383789,0.11627091467380524,0.11332619935274124,0.11184611916542053,0.11205851286649704,0.11064370721578598,0.11004098504781723,0.10992342978715897,0.11068212240934372,0.10892599076032639
14,0.1660226732492447,0.13935531675815582,0.1341680884361267,0.12952016294002533,0.12388315051794052,0.11832264065742493,0.1146455705165863,0.112711101770401,0.11123379319906235,0.10907260328531265,0.10895480960607529,0.10746148973703384,0.10688558965921402,0.10918952524662018,0.1060294583439827
15,0.11741994321346283,0.09253110736608505,0.08265519142150879,0.0750671774148941,0.07015904784202576,0.0677570179104805,0.06535165011882782,0.06407018005847931,0.06438452750444412,0.06421778351068497,0.06396923959255219,0.06338196992874146,0.06353994458913803,0.06329520791769028,0.06393340229988098
16,0.13800132274627686,0.11039496213197708,0.09624423086643219,0.08706605434417725,0.08042057603597641,0.07759105414152145,0.07548633962869644,0.07443805038928986,0.07434479147195816,0.07434569299221039,0.0737789049744606,0.07390446960926056,0.07303446531295776,0.07371336221694946,0.07249156385660172
17,0.16508269309997559,0.11149699985980988,0.09533137828111649,0.08737397938966751,0.07834968715906143,0.07162505388259888,0.06922382116317749,0.06767737120389938,0.06800321489572525,0.06662940233945847,0.06812708079814911,0.06693416088819504,0.0656900405883789,0.06622631102800369,0.0658622607588768
18,0.1902255266904831,0.1224839836359024,0.1038561761379242,0.09163295477628708,0.08446764200925827,0.07851656526327133,0.07695881277322769,0.07480136305093765,0.08320435136556625,0.07304828613996506,0.07455125451087952,0.07391483336687088,0.07323085516691208,0.07205235213041306,0.07334262877702713
19,0.164468452334404,0.12117041647434235,0.10440175980329514,0.0933714210987091,0.09072404354810715,0.08564822375774384,0.08949291706085205,0.0824173241853714,0.08546572923660278,0.08092793822288513,0.08316992968320847,0.08579288423061371,0.08074772357940674,0.08325599879026413,0.0789707750082016
20,0.2523103654384613,0.14090126752853394,0.11918741464614868,0.10489284247159958,0.09450757503509521,0.08857984095811844,0.08691363781690598,0.08797602355480194,0.08342191576957703,0.08302092552185059,0.08334136009216309,0.08547695726156235,0.08170358091592789,0.0817820280790329,0.08217921108007431
21,0.3176673650741577,0.17066991329193115,0.1441200077533722,0.12516987323760986,0.11342628300189972,0.10795514285564423,0.10335138440132141,0.10549917072057724,0.10009387135505676,0.1042611300945282,0.09961462765932083,0.09666182845830917,0.09721361845731735,0.0983177125453949,0.09586261212825775
22,0.3472353518009186,0.18168969452381134,0.15568190813064575,0.1395464986562729,0.12725257873535156,0.12236260622739792,0.11814950406551361,0.11906612664461136,0.11471078544855118,0.11497890204191208,0.11490457504987717,0.11366450786590576,0.11142808943986893,0.12627741694450378,0.11506020277738571
23,0.4571802616119385,0.22443023324012756,0.19281771779060364,0.1701429784297943,0.1569429337978363,0.1455962061882019,0.13883215188980103,0.1415494680404663,0.13586580753326416,0.1405327022075653,0.13349872827529907,0.12925244867801666,0.1306987702846527,0.13335317373275757,0.12953072786331177
24,0.3495418131351471,0.22128646075725555,0.2024233341217041,0.19220483303070068,0.185476616024971,0.17986229062080383,0.1715068370103836,0.16589388251304626,0.16839517652988434,0.1599443256855011,0.15920937061309814,0.16236771643161774,0.156221404671669,0.15418855845928192,0.15653248131275177
