,0,1,2,3,4,5,6,7,8,9,10,11,12,13,14
0,0.3873247802257538,0.28939661383628845,0.250345379114151,0.231450155377388,0.2196483463048935,0.21214048564434052,0.20765471458435059,0.19933925569057465,0.1971500664949417,0.19400851428508759,0.19215746223926544,0.18982824683189392,0.19840921461582184,0.1872180849313736,0.18704286217689514
1,0.4892129898071289,0.3417852520942688,0.2788355350494385,0.24063709378242493,0.2299773395061493,0.21332097053527832,0.20464661717414856,0.19857393205165863,0.19940142333507538,0.19010275602340698,0.20316262543201447,0.19536219537258148,0.18501612544059753,0.18751691281795502,0.18564364314079285
2,0.24848704040050507,0.22484543919563293,0.21087296307086945,0.19794920086860657,0.18933717906475067,0.18178334832191467,0.1761731654405594,0.1732676923274994,0.17257440090179443,0.16780996322631836,0.16817237436771393,0.16842897236347198,0.1650295853614807,0.165540412068367,0.16401374340057373
3,0.2434256672859192,0.21708112955093384,0.20596250891685486,0.19326333701610565,0.1833912432193756,0.17655523121356964,0.17126891016960144,0.16806840896606445,0.16494004428386688,0.16303950548171997,0.16291867196559906,0.164311483502388,0.16083484888076782,0.1596211940050125,0.15847422182559967
4,0.23429401218891144,0.2200959026813507,0.20861822366714478,0.19649599492549896,0.18334627151489258,0.17481467127799988,0.16746927797794342,0.1651061326265335,0.16492724418640137,0.16012778878211975,0.1585923284292221,0.15806235373020172,0.15598127245903015,0.15491217374801636,0.15419292449951172
5,0.2645501494407654,0.22326619923114777,0.2099892944097519,0.19740015268325806,0.1843586564064026,0.17676237225532532,0.17168834805488586,0.17434869706630707,0.16627807915210724,0.1636282056570053,0.1628514528274536,0.16171106696128845,0.15956588089466095,0.15929561853408813,0.15939269959926605
6,0.25564903020858765,0.2207469344139099,0.20688901841640472,0.18961584568023682,0.17805816233158112,0.17152930796146393,0.16635769605636597,0.16711312532424927,0.1618507206439972,0.16109445691108704,0.16015811264514923,0.15980517864227295,0.1589718610048294,0.15804670751094818,0.15665452182292938
7,0.22818708419799805,0.21077114343643188,0.20159800350666046,0.18764165043830872,0.17638079822063446,0.168648824095726,0.16501185297966003,0.1655803918838501,0.1607445925474167,0.16002793610095978,0.15912938117980957,0.15679965913295746,0.18446505069732666,0.15624044835567474,0.1550709456205368
8,0.1631324589252472,0.14429791271686554,0.1374378800392151,0.13253898918628693,0.12784096598625183,0.12320289760828018,0.11961390823125839,0.11605618894100189,0.11535455286502838,0.11262103915214539,0.11283181607723236,0.11173193156719208,0.11035829037427902,0.11139053851366043,0.11065446585416794
9,0.1560913324356079,0.14116035401821136,0.13371311128139496,0.12660954892635345,0.12134838849306107,0.11892194300889969,0.1177561953663826,0.11620558798313141,0.11768579483032227,0.11434079706668854,0.11358656734228134,0.11416813731193542,0.11407065391540527,0.11410372704267502,0.1135893240571022
10,0.1730131208896637,0.1454845815896988,0.13730619847774506,0.13109077513217926,0.12698374688625336,0.12286783009767532,0.12026480585336685,0.11853744834661484,0.11680800467729568,0.11514591425657272,0.11525597423315048,0.11346036940813065,0.1131349429488182,0.1127968281507492,0.11447858810424805
11,0.19389033317565918,0.1457984745502472,0.13728192448616028,0.13012759387493134,0.1250922530889511,0.11988906562328339,0.11564818769693375,0.11407754570245743,0.11308686435222626,0.11127804219722748,0.11024682968854904,0.10928314179182053,0.10847648233175278,0.10938668251037598,0.10873915255069733
12,0.17772671580314636,0.13913527131080627,0.13284431397914886,0.12526461482048035,0.11980769783258438,0.11653343588113785,0.11353839933872223,0.11166754364967346,0.11143747717142105,0.11050165444612503,0.11126252263784409,0.11916976422071457,0.10930357873439789,0.11113805323839188,0.10771781951189041
13,0.18507923185825348,0.14645561575889587,0.1374325156211853,0.13058748841285706,0.12505334615707397,0.1198892593383789,0.11627091467380524,0.11332619935274124,0.11184611916542053,0.11205851286649704,0.11064370721578598,0.11004098504781723,0.10992342978715897,0.11068212240934372,0.10892599076032639
14,0.1660226732492447,0.13935531675815582,0.1341680884361267,0.12952016294002533,0.12388315051794052,0.11832264065742493,0.1146455705165863,0.112711101770401,0.11123379319906235,0.10907260328531265,0.10895480960607529,0.10746148973703384,0.10688558965921402,0.10918952524662018,0.1060294583439827
15,0.11741994321346283,0.09253110736608505,0.08265519142150879,0.0750671774148941,0.07015904784202576,0.0677570179104805,0.06535165011882782,0.06407018005847931,0.06438452750444412,0.06421778351068497,0.06396923959255219,0.06338196992874146,0.06353994458913803,0.06329520791769028,0.06393340229988098
16,0.13800132274627686,0.11039496213197708,0.09624423086643219,0.08706605434417725,0.08042057603597641,0.07759105414152145,0.07548633962869644,0.07443805038928986,0.07434479147195816,0.07434569299221039,0.0737789049744606,0.07390446960926056,0.07303446531295776,0.07371336221694946,0.07249156385660172
17,0.16508269309997559,0.11149699985980988,0.09533137828111649,0.08737397938966751,0.07834968715906143,0.07162505388259888,0.06922382116317749,0.06767737120389938,0.06800321489572525,0.06662940233945847,0.06812708079814911,0.06693416088819504,0.0656900405883789,0.06622631102800369,0.0658622607588768
18,0.1902255266904831,0.1224839836359024,0.1038561761379242,0.09163295477628708,0.08446764200925827,0.07851656526327133,0.07695881277322769,0.07480136305093765,0.08320435136556625,0.07304828613996506,0.07455125451087952,0.07391483336687088,0.07323085516691208,0.07205235213041306,0.07334262877702713
19,0.164468452334404,0.12117041647434235,0.10440175980329514,0.0933714210987091,0.09072404354810715,0.08564822375774384,0.08949291706085205,0.0824173241853714,0.08546572923660278,0.08092793822288513,0.08316992968320847,0.08579288423061371,0.08074772357940674,0.08325599879026413,0.0789707750082016
20,0.2523103654384613,0.14090126752853394,0.11918741464614868,0.10489284247159958,0.09450757503509521,0.08857984095811844,0.08691363781690598,0.08797602355480194,0.08342191576957703,0.08302092552185059,0.08334136009216309,0.08547695726156235,0.08170358091592789,0.0817820280790329,0.08217921108007431
21,0.3176673650741577,0.17066991329193115,0.1441200077533722,0.12516987323760986,0.11342628300189972,0.10795514285564423,0.10335138440132141,0.10549917072057724,0.10009387135505676,0.1042611300945282,0.09961462765932083,0.09666182845830917,0.09721361845731735,0.0983177125453949,0.09586261212825775
22,0.3472353518009186,0.18168969452381134,0.15568190813064575,0.1395464986562729,0.12725257873535156,0.12236260622739792,0.11814950406551361,0.11906612664461136,0.11471078544855118,0.11497890204191208,0.11490457504987717,0.11366450786590576,0.11142808943986893,0.12627741694450378,0.11506020277738571
23,0.4571802616119385,0.22443023324012756,0.19281771779060364,0.1701429784297943,0.1569429337978363,0.1455962061882019,0.13883215188980103,0.1415494680404663,0.13586580753326416,0.1405327022075653,0.13349872827529907,0.12925244867801666,0.1306987702846527,0.13335317373275757,0.12953072786331177
24,0.3495418131351471,0.22128646075725555,0.2024233341217041,0.19220483303070068,0.185476616024971,0.17986229062080383,0.1715068370103836,0.16589388251304626,0.16839517652988434,0.1599443256855011,0.15920937061309814,0.16236771643161774,0.156221404671669,0.15418855845928192,0.15653248131275177
25,0.5226815938949585,0.30069151520729065,0.266257107257843,0.24311867356300354,0.22849786281585693,0.21950604021549225,0.21416570246219635,0.2132449448108673,0.20802468061447144,0.205283060669899,0.20722362399101257,0.20424802601337433,0.20448525249958038,0.20472882688045502,0.2092227190732956
26,0.5977005362510681,0.343609094619751,0.30778467655181885,0.2842741012573242,0.2720358073711395,0.26067647337913513,0.250947505235672,0.24933195114135742,0.24135607481002808,0.24346770346164703,0.23619145154953003,0.23128925263881683,0.23340070247650146,0.23178288340568542,0.2302667647600174
27,0.5207765102386475,0.3115222156047821,0.27748948335647583,0.257606565952301,0.24683800339698792,0.23887716233730316,0.2361835539340973,0.22922760248184204,0.22972974181175232,0.2321498543024063,0.22901339828968048,0.22940437495708466,0.23677018284797668,0.23754730820655823,0.231084406375885
28,0.47500646114349365,0.3374271094799042,0.30065983533859253,0.27311596274375916,0.2600356340408325,0.2479764074087143,0.23943299055099487,0.23727083206176758,0.23337842524051666,0.23616573214530945,0.2401510328054428,0.23307685554027557,0.2445800006389618,0.23197835683822632,0.23291997611522675
29,0.4862736165523529,0.33364784717559814,0.2987268269062042,0.2814178764820099,0.2818833887577057,0.2613414227962494,0.2648894190788269,0.25854477286338806,0.2538284957408905,0.2677132189273834,0.2563186585903168,0.2552253305912018,0.25383704900741577,0.25020256638526917,0.2529941499233246
30,0.5008261203765869,0.3403176963329315,0.3066655397415161,0.2841753363609314,0.2707032561302185,0.27681195735931396,0.26396363973617554,0.25975272059440613,0.25585418939590454,0.2591674029827118,0.2564180791378021,0.26608768105506897,0.2671046853065491,0.258409321308136,0.26095813512802124
31,0.6719885468482971,0.3684365749359131,0.32755881547927856,0.30773553252220154,0.2925514280796051,0.2803487777709961,0.272487074136734,0.27289944887161255,0.26331549882888794,0.2587907016277313,0.26865410804748535,0.25634071230888367,0.2574748396873474,0.2565329372882843,0.26078465580940247
32,0.8199858665466309,0.4278627932071686,0.3651447892189026,0.3341478705406189,0.31546810269355774,0.30470824241638184,0.29814404249191284,0.2892785370349884,0.2851718068122864,0.28176963329315186,0.2773255407810211,0.27904871106147766,0.2784903347492218,0.2768925726413727,0.2828238606452942
33,0.6923636794090271,0.401480495929718,0.3569546043872833,0.33208808302879333,0.31565630435943604,0.30843865871429443,0.2982734739780426,0.2890927195549011,0.28554534912109375,0.282418429851532,0.28256964683532715,0.2812507152557373,0.2780621349811554,0.2798224985599518,0.28011712431907654
34,0.7614349722862244,0.41573601961135864,0.3664224445819855,0.3346918225288391,0.31354260444641113,0.30607256293296814,0.3022477924823761,0.2911089360713959,0.28612983226776123,0.2868993580341339,0.2848081588745117,0.28626152873039246,0.2784413993358612,0.2794123888015747,0.28006047010421753
35,0.6664386987686157,0.4025084674358368,0.3660483956336975,0.3404839038848877,0.3237703740596771,0.31318098306655884,0.30632254481315613,0.29686295986175537,0.28912001848220825,0.2851492166519165,0.2827233076095581,0.2865060865879059,0.28010088205337524,0.2814275920391083,0.2829345464706421
36,0.7032210826873779,0.3955813944339752,0.351169228553772,0.3361225724220276,0.3171660900115967,0.30355480313301086,0.29333585500717163,0.3009057939052582,0.2886732518672943,0.28666216135025024,0.28000420331954956,0.28237980604171753,0.2816122770309448,0.2784408926963806,0.27835577726364136
37,0.7175438404083252,0.4291895925998688,0.3625367283821106,0.33502817153930664,0.31879863142967224,0.30882078409194946,0.30428338050842285,0.3071851432323456,0.29853031039237976,0.30140239000320435,0.2979755103588104,0.2971290946006775,0.296318382024765,0.2973826825618744,0.29248130321502686
38,0.6221455335617065,0.39019718766212463,0.347744345664978,0.324214369058609,0.31033289432525635,0.2991602420806885,0.29939189553260803,0.2948901951313019,0.2883096933364868,0.2861144542694092,0.28627273440361023,0.2838640809059143,0.286374568939209,0.28747105598449707,0.288325697183609
39,0.5552194118499756,0.361270934343338,0.3244819641113281,0.30474454164505005,0.2931346595287323,0.28635212779045105,0.2830101251602173,0.27800193428993225,0.2870394289493561,0.2853291928768158,0.279047429561615,0.2780001759529114,0.2742064595222473,0.2794121205806732,0.2736569344997406
40,0.5461654663085938,0.36851271986961365,0.32899191975593567,0.3073011338710785,0.2929757237434387,0.28207480907440186,0.2788694500923157,0.2741696834564209,0.2761557996273041,0.26950639486312866,0.27211257815361023,0.2738000750541687,0.26618269085884094,0.26286616921424866,0.2650851309299469
41,0.6123874187469482,0.32143473625183105,0.28060027956962585,0.2502475380897522,0.23687519133090973,0.22589635848999023,0.22507886588573456,0.21173615753650665,0.20601919293403625,0.20433269441127777,0.2043001651763916,0.20107297599315643,0.2023736834526062,0.20562197268009186,0.19980935752391815
42,0.31909874081611633,0.2593817412853241,0.2318200320005417,0.21745814383029938,0.21389302611351013,0.21137136220932007,0.20499105751514435,0.20705150067806244,0.20119865238666534,0.19908423721790314,0.197826087474823,0.19670870900154114,0.20155318081378937,0.2007586807012558,0.19904829561710358
43,0.4042834937572479,0.3172903060913086,0.2946125566959381,0.2785061299800873,0.2655358612537384,0.25955307483673096,0.2502812147140503,0.2525799572467804,0.2440958172082901,0.2501923143863678,0.24016718566417694,0.24433250725269318,0.2400369942188263,0.24205173552036285,0.243052139878273
44,0.67704176902771,0.37411975860595703,0.3341113030910492,0.30476850271224976,0.28455448150634766,0.2733217179775238,0.2701566219329834,0.26243889331817627,0.25756826996803284,0.257821261882782,0.2534429132938385,0.2516341209411621,0.25134560465812683,0.2476872205734253,0.25089341402053833
45,0.933329701423645,0.45727938413619995,0.3917468190193176,0.3579207956790924,0.3348195552825928,0.31380102038383484,0.29889610409736633,0.28863635659217834,0.28281906247138977,0.2812832295894623,0.2776370048522949,0.2746697962284088,0.2720431089401245,0.2710573077201843,0.2774772644042969
46,0.5969294309616089,0.39037999510765076,0.33676666021347046,0.31427040696144104,0.2919734716415405,0.2813079059123993,0.27997025847435,0.2706511318683624,0.2716595232486725,0.2734777331352234,0.304442435503006,0.2609126567840576,0.26028335094451904,0.2590348720550537,0.257560670375824
47,0.5052032470703125,0.3663146197795868,0.33528709411621094,0.3168550431728363,0.3034173548221588,0.2941319942474365,0.29597634077072144,0.29024332761764526,0.28101080656051636,0.2849794626235962,0.2813642919063568,0.27902844548225403,0.2742171585559845,0.2735520899295807,0.27455759048461914
48,1.5794143676757812,1.4645637273788452,1.4366390705108643,1.4160642623901367,1.4035499095916748,1.4024239778518677,1.3939886093139648,1.3982106447219849,1.3929797410964966,1.3898584842681885,1.399518609046936,1.403412103652954,1.400804877281189,1.4052754640579224,1.3929449319839478
49,1.594717264175415,1.4502853155136108,1.4208600521087646,1.4150209426879883,1.3925453424453735,1.3845410346984863,1.3762367963790894,1.3696085214614868,1.3691140413284302,1.367252230644226,1.358772873878479,1.3647582530975342,1.362493634223938,1.3583704233169556,1.3580292463302612
50,1.693214774131775,1.483229398727417,1.449485421180725,1.4296122789382935,1.4155230522155762,1.4041712284088135,1.3918253183364868,1.382585883140564,1.3756649494171143,1.3683170080184937,1.369519829750061,1.363218069076538,1.3657749891281128,1.3569579124450684,1.3616605997085571
51,1.5417511463165283,1.4306021928787231,1.410338044166565,1.3942835330963135,1.3770787715911865,1.3684158325195312,1.3604158163070679,1.3550701141357422,1.3588109016418457,1.3527928590774536,1.349469542503357,1.3541229963302612,1.3480080366134644,1.346217393875122,1.3500438928604126
52,1.5378234386444092,1.4457594156265259,1.417402744293213,1.4005556106567383,1.3839209079742432,1.3762255907058716,1.3642135858535767,1.3572677373886108,1.3498950004577637,1.3523595333099365,1.348479151725769,1.3504046201705933,1.341843843460083,1.3428008556365967,1.3424986600875854
53,1.596596121788025,1.4798622131347656,1.4544954299926758,1.439870834350586,1.430646300315857,1.4203306436538696,1.4174625873565674,1.4115102291107178,1.4080145359039307,1.409424901008606,1.4046334028244019,1.3985300064086914,1.4028197526931763,1.407367467880249,1.4361448287963867
54,1.6374586820602417,1.4816558361053467,1.4517124891281128,1.4323759078979492,1.4193553924560547,1.4253021478652954,1.4081329107284546,1.4056538343429565,1.3972421884536743,1.394430160522461,1.3944714069366455,1.3996661901474,1.3932522535324097,1.3894540071487427,1.3907029628753662
55,1.5927051305770874,1.4765716791152954,1.4471745491027832,1.4291560649871826,1.4190555810928345,1.4097585678100586,1.4051426649093628,1.412329912185669,1.408519983291626,1.3947486877441406,1.3897781372070312,1.3897955417633057,1.3881585597991943,1.3878620862960815,1.3876471519470215
56,1.5309442281723022,1.4577525854110718,1.4390949010849,1.4242212772369385,1.417153000831604,1.4083693027496338,1.407976746559143,1.3972913026809692,1.3902853727340698,1.3865008354187012,1.3918495178222656,1.3789267539978027,1.381020188331604,1.381205439567566,1.3822053670883179
57,1.5190696716308594,1.458411693572998,1.4341514110565186,1.4180611371994019,1.4008735418319702,1.389640212059021,1.3850737810134888,1.3811891078948975,1.381439208984375,1.3756471872329712,1.3756301403045654,1.3740941286087036,1.372336745262146,1.3727220296859741,1.3714045286178589
58,1.5613512992858887,1.4796494245529175,1.4526739120483398,1.4352174997329712,1.4220083951950073,1.4115068912506104,1.4013409614562988,1.394242525100708,1.3887903690338135,1.3838715553283691,1.3900264501571655,1.3801342248916626,1.3792377710342407,1.3766144514083862,1.3765190839767456
59,1.4736908674240112,1.3810126781463623,1.358633041381836,1.346484899520874,1.334465742111206,1.323482871055603,1.324379324913025,1.3152986764907837,1.316031575202942,1.3104294538497925,1.3113021850585938,1.3094115257263184,1.3079572916030884,1.3072340488433838,1.3083488941192627
60,1.4431506395339966,1.3655847311019897,1.3450177907943726,1.3326507806777954,1.3268505334854126,1.3220129013061523,1.3149148225784302,1.3151053190231323,1.313952922821045,1.3175034523010254,1.3107932806015015,1.3097500801086426,1.3122555017471313,1.3090375661849976,1.3074601888656616
61,1.3775575160980225,1.347217082977295,1.3325791358947754,1.322462558746338,1.3154629468917847,1.3092678785324097,1.3067822456359863,1.3082672357559204,1.3013556003570557,1.3010001182556152,1.3018001317977905,1.3008016347885132,1.2982715368270874,1.2981956005096436,1.2971111536026
62,1.3055262565612793,1.2870033979415894,1.2811188697814941,1.2768044471740723,1.2727148532867432,1.2718462944030762,1.2680245637893677,1.2647511959075928,1.267370343208313,1.2657147645950317,1.263508915901184,1.2626248598098755,1.2614401578903198,1.2636127471923828,1.2611045837402344
63,1.4711753129959106,1.3322980403900146,1.3135031461715698,1.3029173612594604,1.2975090742111206,1.290987491607666,1.286942720413208,1.2853394746780396,1.2823926210403442,1.2813525199890137,1.277674674987793,1.2767729759216309,1.2776217460632324,1.274680733680725,1.2755911350250244
64,1.3700087070465088,1.313840627670288,1.3026150465011597,1.2933769226074219,1.2852455377578735,1.283035159111023,1.2805829048156738,1.2784512042999268,1.2774704694747925,1.2767494916915894,1.2750593423843384,1.2730021476745605,1.272637963294983,1.274741291999817,1.2720106840133667
65,0.1851549595594406,0.17255310714244843,0.16629065573215485,0.16198314726352692,0.15715357661247253,0.1529800146818161,0.14997008442878723,0.14894263446331024,0.14641861617565155,0.14580360054969788,0.14577463269233704,0.14489653706550598,0.14737744629383087,0.14509259164333344,0.1455668956041336
66,0.21668513119220734,0.19595344364643097,0.19083282351493835,0.18239851295948029,0.1788855344057083,0.17520441114902496,0.17309679090976715,0.1712287962436676,0.1712077111005783,0.16992075741291046,0.16996321082115173,0.16916607320308685,0.17007572948932648,0.1697506308555603,0.1690872758626938
67,0.27081000804901123,0.20528742671012878,0.19471880793571472,0.187205508351326,0.18002507090568542,0.1759331375360489,0.17355278134346008,0.1728021651506424,0.1712910234928131,0.17068427801132202,0.17176270484924316,0.16987881064414978,0.17075806856155396,0.16995976865291595,0.16984927654266357
68,0.21489804983139038,0.19088304042816162,0.18413415551185608,0.17629532516002655,0.1722390204668045,0.169691264629364,0.168768048286438,0.17144829034805298,0.1694127470254898,0.16781872510910034,0.16820746660232544,0.16714204847812653,0.17010262608528137,0.1680022031068802,0.16709551215171814
69,0.29691001772880554,0.22343817353248596,0.2111634463071823,0.2036251276731491,0.19922861456871033,0.19546684622764587,0.1950245499610901,0.19356900453567505,0.19220604002475739,0.19298416376113892,0.1935485303401947,0.19232967495918274,0.19106262922286987,0.19111740589141846,0.18988695740699768
70,0.18182586133480072,0.1539122611284256,0.14520864188671112,0.1373092383146286,0.13277114927768707,0.12928664684295654,0.128408744931221,0.1267475187778473,0.1268174946308136,0.1255839765071869,0.1260191649198532,0.1259201616048813,0.12628953158855438,0.12570004165172577,0.12373540550470352
71,0.18177351355552673,0.15508824586868286,0.14385847747325897,0.1365610510110855,0.1306116133928299,0.12817181646823883,0.1269145905971527,0.12634170055389404,0.12675841152668,0.12494172900915146,0.1240445151925087,0.12455825507640839,0.12355468422174454,0.12464506924152374,0.12599782645702362
72,0.25697609782218933,0.17527665197849274,0.1560695767402649,0.1488916128873825,0.14234043657779694,0.13923825323581696,0.13678443431854248,0.1352391093969345,0.13347730040550232,0.13394224643707275,0.13470430672168732,0.13325193524360657,0.13264299929141998,0.13264228403568268,0.13658565282821655
73,0.16963697969913483,0.15356136858463287,0.14606991410255432,0.14306089282035828,0.13758902251720428,0.1349865347146988,0.1318177431821823,0.13318562507629395,0.1320045292377472,0.13273292779922485,0.13116472959518433,0.13255472481250763,0.13140170276165009,0.1310768872499466,0.13265955448150635
74,0.24252989888191223,0.17370566725730896,0.16103115677833557,0.15171633660793304,0.14599280059337616,0.14216859638690948,0.1382744461297989,0.13658657670021057,0.13457061350345612,0.13332611322402954,0.13163676857948303,0.13165810704231262,0.13050556182861328,0.13086718320846558,0.13422878086566925
75,0.2368989884853363,0.17126339673995972,0.15482859313488007,0.1453886479139328,0.1392202079296112,0.1326674073934555,0.12924782931804657,0.12717324495315552,0.12467604130506516,0.12349934130907059,0.12316830456256866,0.12352829426527023,0.12263775616884232,0.12302836775779724,0.12194999307394028
76,0.2294999659061432,0.16280102729797363,0.14826557040214539,0.1380418986082077,0.13124077022075653,0.12698523700237274,0.12454216182231903,0.12281903624534607,0.12225347012281418,0.12178675830364227,0.12137885391712189,0.12049847096204758,0.11980762332677841,0.12075452506542206,0.12211739271879196
77,0.1776372790336609,0.15138497948646545,0.14188958704471588,0.13510872423648834,0.1309717893600464,0.128971666097641,0.12452076375484467,0.1230819970369339,0.1228259950876236,0.12127341330051422,0.12108558416366577,0.12220149487257004,0.12011423707008362,0.12023963779211044,0.11957285553216934
78,0.31296536326408386,0.19654352962970734,0.16693301498889923,0.15051314234733582,0.13834522664546967,0.1327686458826065,0.1272348165512085,0.12505926191806793,0.12285763770341873,0.12220010161399841,0.12124717980623245,0.1210542842745781,0.12033743411302567,0.11941462755203247,0.11915476620197296
79,0.20775489509105682,0.16251307725906372,0.14938859641551971,0.14030255377292633,0.13324658572673798,0.12862002849578857,0.1286046952009201,0.12948596477508545,0.12416217476129532,0.12753213942050934,0.12284502387046814,0.12165819108486176,0.12146744132041931,0.12007986754179001,0.12069717049598694
80,0.21008987724781036,0.1500372290611267,0.1316567212343216,0.1204233318567276,0.11267807334661484,0.10808589309453964,0.10248874872922897,0.0996863916516304,0.09712281823158264,0.0958222895860672,0.0976804792881012,0.09312380850315094,0.09337306022644043,0.0915754958987236,0.09266818314790726
81,0.2314676195383072,0.1533001959323883,0.13231314718723297,0.1170029565691948,0.10869079828262329,0.10095212608575821,0.09979239106178284,0.09524068981409073,0.09640834480524063,0.09227543324232101,0.09257662296295166,0.09110942482948303,0.08984227478504181,0.09026370942592621,0.08928710222244263
82,0.1569647192955017,0.12465857714414597,0.1090901643037796,0.10007505118846893,0.09493234753608704,0.09300321340560913,0.09075452387332916,0.09003711491823196,0.08773312717676163,0.08952328562736511,0.08754554390907288,0.08694574981927872,0.08646436780691147,0.08612529188394547,0.08665921539068222
83,0.10644330829381943,0.09108579158782959,0.0820523053407669,0.07261282205581665,0.06641856580972672,0.06578565388917923,0.0634768009185791,0.062015365809202194,0.06126883998513222,0.06078352779150009,0.06138521805405617,0.06023582071065903,0.0633910745382309,0.06256330013275146,0.06054726615548134
84,0.13622146844863892,0.10920301079750061,0.09959301352500916,0.09219279885292053,0.08741293102502823,0.0843551829457283,0.08240263164043427,0.08093754202127457,0.07900682836771011,0.07880515605211258,0.07771015912294388,0.08123093843460083,0.08155766874551773,0.0773923397064209,0.07750371843576431
85,0.1858728528022766,0.12170334160327911,0.11009369790554047,0.1017228439450264,0.09277111291885376,0.08839228004217148,0.08410009741783142,0.08187611401081085,0.08092653751373291,0.07664134353399277,0.0782557800412178,0.07532957196235657,0.07582312077283859,0.07821027934551239,0.07541963458061218
86,0.12617196142673492,0.08210552483797073,0.07467669993638992,0.06850335001945496,0.0633162260055542,0.0596318319439888,0.05629723519086838,0.05485711246728897,0.05250793695449829,0.05039716884493828,0.05034497380256653,0.050027403980493546,0.04943540319800377,0.049467187374830246,0.04961764067411423
