,0,1,2,3,4,5,6,7,8,9,10,11,12,13,14
0,0.4031207859516144,0.29429370164871216,0.2659633159637451,0.2455546259880066,0.2293277531862259,0.21424119174480438,0.21244807541370392,0.2028922289609909,0.19858117401599884,0.18988841772079468,0.18999436497688293,0.19057537615299225,0.1863406002521515,0.1858440786600113,0.18400414288043976
1,0.3644055724143982,0.3283310830593109,0.3110681474208832,0.29908305406570435,0.2888105511665344,0.2834433317184448,0.2774151861667633,0.27185142040252686,0.2732660472393036,0.2684251368045807,0.2625472843647003,0.2607056796550751,0.2635778486728668,0.2542402446269989,0.25196322798728943
2,0.4369324743747711,0.35888251662254333,0.33873695135116577,0.32925036549568176,0.323974072933197,0.31548669934272766,0.31328678131103516,0.3064473271369934,0.30281373858451843,0.2957855761051178,0.2913423776626587,0.284236878156662,0.2826351225376129,0.2775958180427551,0.2752244472503662
3,0.42761585116386414,0.372236043214798,0.3586449921131134,0.3487027883529663,0.343283087015152,0.33521080017089844,0.33094099164009094,0.3233471214771271,0.320544958114624,0.3146010637283325,0.313818097114563,0.3091813325881958,0.30430319905281067,0.3023933470249176,0.2999570369720459
4,0.42073971033096313,0.37696021795272827,0.36513081192970276,0.3555171489715576,0.3489222526550293,0.3421917259693146,0.3357101082801819,0.3300541639328003,0.32301193475723267,0.31723883748054504,0.3096645474433899,0.3062310218811035,0.3016725182533264,0.29939526319503784,0.2907992899417877
5,0.38764604926109314,0.3599274456501007,0.35475873947143555,0.3480789065361023,0.343911737203598,0.3402028977870941,0.3360542356967926,0.3318909704685211,0.3291538953781128,0.327074259519577,0.32186296582221985,0.31888347864151,0.3183923363685608,0.3177212178707123,0.3118835389614105
6,0.4168303906917572,0.38674458861351013,0.3750065565109253,0.36941540241241455,0.364990770816803,0.3606414496898651,0.35829663276672363,0.354065477848053,0.35012564063072205,0.3449932932853699,0.3410642147064209,0.33757299184799194,0.3332251310348511,0.3282324969768524,0.32329148054122925
7,0.4324461817741394,0.3928145170211792,0.3845072388648987,0.37832438945770264,0.37380680441856384,0.36928531527519226,0.3655225932598114,0.36193227767944336,0.36214613914489746,0.3571942448616028,0.3488238751888275,0.33826005458831787,0.340675950050354,0.3301351070404053,0.31821784377098083
8,0.4749828279018402,0.4106598496437073,0.39959272742271423,0.3918324112892151,0.386788010597229,0.3796484172344208,0.37428876757621765,0.36724355816841125,0.3814798891544342,0.3616878390312195,0.35703393816947937,0.3493407070636749,0.3712150454521179,0.35823580622673035,0.34094732999801636
9,0.5454100370407104,0.4234689474105835,0.41243776679039,0.40485551953315735,0.39795374870300293,0.39380472898483276,0.38970133662223816,0.38673609495162964,0.38432350754737854,0.3806467354297638,0.3826044499874115,0.37953245639801025,0.3776668906211853,0.3774094879627228,0.3755709230899811
10,0.5794484615325928,0.35940659046173096,0.33308637142181396,0.30768635869026184,0.2936495840549469,0.281396746635437,0.2784908413887024,0.2710801661014557,0.27705609798431396,0.2628602385520935,0.2592037618160248,0.25931739807128906,0.25570932030677795,0.26192668080329895,0.25798436999320984
11,0.5389165878295898,0.4045104682445526,0.39005813002586365,0.38505813479423523,0.38070881366729736,0.37393561005592346,0.37442344427108765,0.37035071849823,0.3697355389595032,0.37172314524650574,0.37099137902259827,0.3707658648490906,0.3679410517215729,0.36959517002105713,0.36604395508766174
12,0.588883101940155,0.4355432391166687,0.427680104970932,0.4230556786060333,0.41964438557624817,0.41696614027023315,0.4206291735172272,0.4170815944671631,0.41740405559539795,0.4119572341442108,0.41049137711524963,0.41066429018974304,0.4076975882053375,0.40710166096687317,0.4097933769226074
13,0.5280193090438843,0.44825470447540283,0.4472053050994873,0.4435681402683258,0.4396059513092041,0.43820396065711975,0.43813690543174744,0.4333844482898712,0.4328368306159973,0.4307998716831207,0.42805761098861694,0.4296330213546753,0.42639467120170593,0.4267261028289795,0.4214940071105957
14,0.6705408096313477,0.47422733902931213,0.4644564092159271,0.4629317820072174,0.4582585096359253,0.45647963881492615,0.4514409005641937,0.44775891304016113,0.4474053978919983,0.4421471059322357,0.43525922298431396,0.43367934226989746,0.4316532611846924,0.4286822974681854,0.4411156475543976
15,0.5666747093200684,0.47964152693748474,0.4717835783958435,0.4717698395252228,0.46988344192504883,0.46699440479278564,0.4669352173805237,0.4680653512477875,0.46463707089424133,0.4636790156364441,0.46420642733573914,0.46335747838020325,0.460018515586853,0.46156835556030273,0.4554717242717743
16,0.8653677105903625,0.49441444873809814,0.48903608322143555,0.48459142446517944,0.4808310866355896,0.48080262541770935,0.47686612606048584,0.47461721301078796,0.4722793698310852,0.4682529866695404,0.46961691975593567,0.4661228358745575,0.46271270513534546,0.4597439765930176,0.4544465243816376
17,0.6317068934440613,0.48946285247802734,0.48971158266067505,0.4853230118751526,0.4843837022781372,0.4836413562297821,0.48141971230506897,0.4777877628803253,0.4736391305923462,0.4725968539714813,0.46118077635765076,0.46162042021751404,0.45727813243865967,0.4548531770706177,0.46166765689849854
18,0.6820034980773926,0.5002853274345398,0.4931887090206146,0.49112772941589355,0.4870884418487549,0.487698495388031,0.48538267612457275,0.4808040261268616,0.4769360423088074,0.4706678092479706,0.4705727696418762,0.4622819423675537,0.4585220217704773,0.45824891328811646,0.45581963658332825
19,0.6780094504356384,0.5085301399230957,0.5015989542007446,0.49911680817604065,0.4956158697605133,0.49636948108673096,0.493821918964386,0.4932555556297302,0.48999670147895813,0.48765209317207336,0.4859165549278259,0.48445624113082886,0.4784049689769745,0.4796154201030731,0.47476232051849365
20,1.3898100852966309,1.3391095399856567,1.3303285837173462,1.3238369226455688,1.318677544593811,1.3160855770111084,1.3118133544921875,1.3094732761383057,1.30710768699646,1.304550290107727,1.3028748035430908,1.3008328676223755,1.3005048036575317,1.299651026725769,1.2990195751190186
21,1.4005680084228516,1.3530241250991821,1.3469047546386719,1.3456339836120605,1.3431237936019897,1.3427060842514038,1.341960072517395,1.3411873579025269,1.3423696756362915,1.3408278226852417,1.3404855728149414,1.3401424884796143,1.3396536111831665,1.3382154703140259,1.339402198791504
22,1.3920234441757202,1.3598917722702026,1.3571358919143677,1.3557227849960327,1.355690360069275,1.3562607765197754,1.3544981479644775,1.354299545288086,1.3537317514419556,1.3537797927856445,1.3528400659561157,1.3536295890808105,1.3524665832519531,1.3531272411346436,1.3517537117004395
23,1.4661061763763428,1.372812032699585,1.3673763275146484,1.3647446632385254,1.362775206565857,1.362501859664917,1.3624926805496216,1.3620151281356812,1.3617281913757324,1.3614327907562256,1.3613094091415405,1.3610211610794067,1.3592957258224487,1.359992504119873,1.35981023311615
24,1.418452262878418,1.3716816902160645,1.3671464920043945,1.366176724433899,1.3652198314666748,1.3647054433822632,1.3647202253341675,1.364881992340088,1.3643510341644287,1.364092230796814,1.363251805305481,1.3635567426681519,1.3624005317687988,1.3616317510604858,1.3609755039215088
25,1.4530099630355835,1.375004529953003,1.372231125831604,1.3702967166900635,1.3689225912094116,1.3681164979934692,1.368844985961914,1.3672810792922974,1.366898775100708,1.3666369915008545,1.3661797046661377,1.3650654554367065,1.363837480545044,1.3644218444824219,1.3613402843475342
26,1.4120635986328125,1.383529782295227,1.3794825077056885,1.3785583972930908,1.3768999576568604,1.3768857717514038,1.3764846324920654,1.3759633302688599,1.375329613685608,1.3754857778549194,1.3743374347686768,1.3753769397735596,1.3743484020233154,1.374266505241394,1.3727552890777588
27,1.415694236755371,1.3858641386032104,1.383553385734558,1.3828226327896118,1.3815698623657227,1.3813954591751099,1.3813416957855225,1.3804680109024048,1.380772352218628,1.379856824874878,1.3797166347503662,1.3787213563919067,1.3789033889770508,1.3789297342300415,1.377628207206726
28,1.4326152801513672,1.3916056156158447,1.3888219594955444,1.3871937990188599,1.3856492042541504,1.3852471113204956,1.3843473196029663,1.3847039937973022,1.3839919567108154,1.384869933128357,1.3838789463043213,1.3828896284103394,1.3837395906448364,1.3826583623886108,1.3826062679290771
29,1.4317479133605957,1.3924092054367065,1.391334056854248,1.3909763097763062,1.3893903493881226,1.3890429735183716,1.3882311582565308,1.3886629343032837,1.3879567384719849,1.3875898122787476,1.3879539966583252,1.3864550590515137,1.3862848281860352,1.3862636089324951,1.3842263221740723
30,0.32079264521598816,0.1502915918827057,0.13532471656799316,0.12664328515529633,0.1211550161242485,0.11805623024702072,0.114615797996521,0.11360842734575272,0.11116437613964081,0.11017071455717087,0.10916522890329361,0.10808518528938293,0.10747792571783066,0.1066751703619957,0.1060851514339447
31,0.20040206611156464,0.12800048291683197,0.12269745022058487,0.11971913278102875,0.11922470480203629,0.11784040182828903,0.11749876290559769,0.11720030009746552,0.11679266393184662,0.11563015729188919,0.11575892567634583,0.11551924794912338,0.11555017530918121,0.1153150349855423,0.11564020067453384
32,0.1918376386165619,0.13277567923069,0.12849347293376923,0.12620556354522705,0.12385352700948715,0.12296909838914871,0.1223592460155487,0.12175439298152924,0.12165859341621399,0.12017802894115448,0.11985135078430176,0.1199975237250328,0.11966034770011902,0.11918983608484268,0.1188802644610405
33,0.20003435015678406,0.13336002826690674,0.12918300926685333,0.12800994515419006,0.1266499012708664,0.12597590684890747,0.1255989372730255,0.12524305284023285,0.1251843273639679,0.12451977282762527,0.12422182410955429,0.124346524477005,0.12375279515981674,0.12390300631523132,0.12287364155054092
34,0.18497870862483978,0.13499188423156738,0.13303403556346893,0.131472647190094,0.13122212886810303,0.13020971417427063,0.12971508502960205,0.12906597554683685,0.12859690189361572,0.12881916761398315,0.1284877210855484,0.12821365892887115,0.12796908617019653,0.12740838527679443,0.127499058842659
35,0.24230767786502838,0.14269191026687622,0.13941313326358795,0.13759715855121613,0.13616910576820374,0.13461199402809143,0.1341356486082077,0.1334805190563202,0.13357964158058167,0.13299129903316498,0.1326739341020584,0.13221676647663116,0.13198333978652954,0.1320023089647293,0.13227304816246033
36,0.18724320828914642,0.1421118527650833,0.14069508016109467,0.13915440440177917,0.1392250955104828,0.13864833116531372,0.13830065727233887,0.13762563467025757,0.1376379430294037,0.1376045197248459,0.1367693990468979,0.13725627958774567,0.13702893257141113,0.1367039531469345,0.13685409724712372
37,0.22952234745025635,0.14697980880737305,0.14496633410453796,0.1439310908317566,0.14303575456142426,0.14243867993354797,0.14227847754955292,0.14169684052467346,0.14168357849121094,0.14056339859962463,0.14051730930805206,0.1404796838760376,0.1403656005859375,0.1396968811750412,0.13929283618927002
38,0.2564677298069,0.14867286384105682,0.14673994481563568,0.14555370807647705,0.14474375545978546,0.14450201392173767,0.14447274804115295,0.14428456127643585,0.14400775730609894,0.1435726135969162,0.14341957867145538,0.14280781149864197,0.14262361824512482,0.1430758535861969,0.14292775094509125
39,0.15573392808437347,0.14792877435684204,0.14724838733673096,0.14706817269325256,0.14705535769462585,0.14679498970508575,0.14646613597869873,0.14627192914485931,0.14680825173854828,0.1454998254776001,0.14577925205230713,0.14567254483699799,0.14606329798698425,0.14593520760536194,0.14517605304718018
40,1.5368738174438477,1.5034558773040771,1.4869731664657593,1.4596810340881348,1.4446990489959717,1.4328534603118896,1.4181395769119263,1.4064719676971436,1.3934221267700195,1.3798986673355103,1.3679916858673096,1.3568438291549683,1.3455660343170166,1.3330150842666626,1.3215930461883545
41,1.6430045366287231,1.5530937910079956,1.526455044746399,1.5046881437301636,1.4722570180892944,1.441274642944336,1.417493462562561,1.388878583908081,1.3598401546478271,1.3651392459869385,1.3213952779769897,1.2844375371932983,1.2542227506637573,1.262910008430481,1.2709916830062866
42,1.7139487266540527,1.6091772317886353,1.571679711341858,1.543506145477295,1.5247235298156738,1.5014945268630981,1.4817384481430054,1.457651138305664,1.430332064628601,1.4004653692245483,1.4529080390930176,1.4249920845031738,1.414942741394043,1.402976393699646,1.3910919427871704
43,1.7007067203521729,1.6034034490585327,1.582382082939148,1.5694624185562134,1.553462266921997,1.54049813747406,1.5254980325698853,1.512434959411621,1.500736117362976,1.4912233352661133,1.4692857265472412,1.4183701276779175,1.3654783964157104,1.3383140563964844,1.2821629047393799
44,1.5969188213348389,1.5750409364700317,1.5592153072357178,1.54604172706604,1.520564317703247,1.4995180368423462,1.434975504875183,1.3164856433868408,1.3047343492507935,1.2152363061904907,1.2813148498535156,1.1581825017929077,1.1317949295043945,1.1146361827850342,1.0752043724060059
45,1.6457139253616333,1.5763022899627686,1.5526536703109741,1.525225281715393,1.4746479988098145,1.505711555480957,1.3761212825775146,1.3234989643096924,1.3232711553573608,1.302882432937622,1.2270487546920776,1.1897884607315063,1.1726009845733643,1.132568359375,1.1125679016113281
46,1.6124870777130127,1.5654698610305786,1.5450191497802734,1.5248727798461914,1.5044538974761963,1.4853265285491943,1.4538564682006836,1.4050811529159546,1.349717140197754,1.302422046661377,1.30726957321167,1.3042656183242798,1.2405130863189697,1.2238937616348267,1.1752907037734985
47,1.6959425210952759,1.5787376165390015,1.5310503244400024,1.4941911697387695,1.4388669729232788,1.3969886302947998,1.3534095287322998,1.3207857608795166,1.2965478897094727,1.2910561561584473,1.2641539573669434,1.2260401248931885,1.2030930519104004,1.180029034614563,1.1753016710281372
48,1.7104380130767822,1.606980562210083,1.5657918453216553,1.5258253812789917,1.4893492460250854,1.4552403688430786,1.434436321258545,1.3841500282287598,1.3492143154144287,1.3180124759674072,1.3113471269607544,1.2947750091552734,1.2562816143035889,1.226485013961792,1.2076351642608643
49,1.6293413639068604,1.5650663375854492,1.5352197885513306,1.4987530708312988,1.4641000032424927,1.4237849712371826,1.3901605606079102,1.3440146446228027,1.313101053237915,1.3472094535827637,1.3931368589401245,1.26050865650177,1.242388129234314,1.217424988746643,1.202711582183838
