,0,1,2,3,4,5,6,7,8,9,10,11,12,13,14
0,0.36440926790237427,0.3062964081764221,0.27027133107185364,0.2474028766155243,0.23008204996585846,0.21747900545597076,0.20797060430049896,0.2006753832101822,0.19726115465164185,0.1921853870153427,0.19080650806427002,0.18821801245212555,0.1850776970386505,0.18974320590496063,0.18309557437896729
1,0.4249783754348755,0.3439006805419922,0.3233465850353241,0.31276726722717285,0.30630406737327576,0.29981526732444763,0.29898524284362793,0.29319339990615845,0.2894634008407593,0.2859724462032318,0.2868008613586426,0.28626179695129395,0.2812158465385437,0.27786627411842346,0.27602776885032654
2,0.38477927446365356,0.3495905101299286,0.33825215697288513,0.33190035820007324,0.32778897881507874,0.3239246904850006,0.32423579692840576,0.32238879799842834,0.3153803050518036,0.3128912150859833,0.3119213283061981,0.3081135153770447,0.30825212597846985,0.3066762685775757,0.3055463433265686
3,0.42628899216651917,0.3597385883331299,0.3492453098297119,0.3441070020198822,0.3390957713127136,0.33936864137649536,0.33300700783729553,0.3323770761489868,0.3280344307422638,0.3248768746852875,0.32354769110679626,0.3204644024372101,0.31649595499038696,0.3159126341342926,0.31371447443962097
4,0.44323018193244934,0.37653934955596924,0.36348700523376465,0.35646894574165344,0.3541134297847748,0.3495737314224243,0.3467288315296173,0.34544193744659424,0.3432813584804535,0.34220775961875916,0.34284454584121704,0.3357177972793579,0.3355587124824524,0.3370365798473358,0.3259507119655609
5,0.45329704880714417,0.379372239112854,0.36951425671577454,0.36507052183151245,0.3611282408237457,0.36056697368621826,0.3585589528083801,0.3566534221172333,0.3522948622703552,0.3567206859588623,0.356085866689682,0.357211172580719,0.35510408878326416,0.35567039251327515,0.35276511311531067
6,0.4111696183681488,0.3865976631641388,0.37723883986473083,0.3770686089992523,0.37038952112197876,0.3682017922401428,0.3716876208782196,0.3661857545375824,0.365829735994339,0.3651755452156067,0.36165863275527954,0.3592337369918823,0.3578070104122162,0.3539908230304718,0.353156179189682
7,0.40762844681739807,0.3831520080566406,0.38241222500801086,0.37816157937049866,0.37711650133132935,0.3764601945877075,0.3753076195716858,0.3782300651073456,0.3748047947883606,0.3733840584754944,0.3717162609100342,0.3715750277042389,0.37404412031173706,0.3717867434024811,0.372434139251709
8,0.48252740502357483,0.40267813205718994,0.3932713568210602,0.3907918632030487,0.3875451982021332,0.38949668407440186,0.38530442118644714,0.38704580068588257,0.38234952092170715,0.3823030889034271,0.3807949721813202,0.38100767135620117,0.3803562521934509,0.37899839878082275,0.37840911746025085
9,0.44880831241607666,0.4037168323993683,0.39679595828056335,0.39424726366996765,0.3927391469478607,0.3904321789741516,0.3898612856864929,0.38754820823669434,0.38817253708839417,0.38570845127105713,0.38513651490211487,0.3810557425022125,0.38394293189048767,0.38475853204727173,0.3838776648044586
10,0.6542170643806458,0.3645986020565033,0.3301539719104767,0.3074287474155426,0.2934095859527588,0.2802497446537018,0.28231269121170044,0.2719424366950989,0.26400095224380493,0.2608315944671631,0.25999563932418823,0.25847572088241577,0.2551237940788269,0.2567363977432251,0.2592580020427704
11,0.5093821287155151,0.390264630317688,0.3815423548221588,0.37755608558654785,0.3746599853038788,0.37345269322395325,0.3723039925098419,0.36876222491264343,0.36794114112854004,0.3688969910144806,0.36917364597320557,0.36714354157447815,0.36647024750709534,0.36643752455711365,0.3661614954471588
12,0.6046270728111267,0.42785340547561646,0.4205670654773712,0.41703328490257263,0.4149197041988373,0.4120033383369446,0.4129348397254944,0.4129108488559723,0.4130752682685852,0.41207873821258545,0.41042494773864746,0.4108216166496277,0.4144737422466278,0.4102235436439514,0.40852245688438416
13,0.8510525822639465,0.4653722643852234,0.4505460858345032,0.4476650059223175,0.4462277293205261,0.44208651781082153,0.4384786784648895,0.43753528594970703,0.4384556710720062,0.4378018081188202,0.4360369145870209,0.4342752695083618,0.4363020062446594,0.43885529041290283,0.4343651533126831
14,0.7680574655532837,0.4708273410797119,0.4619665741920471,0.45960283279418945,0.45669853687286377,0.45721831917762756,0.45246821641921997,0.4496065378189087,0.4504050016403198,0.44634971022605896,0.44705259799957275,0.44371163845062256,0.4486056864261627,0.4442302882671356,0.44426897168159485
15,0.6184642910957336,0.47117629647254944,0.46790599822998047,0.4650651514530182,0.4633905291557312,0.46422603726387024,0.4628523290157318,0.4644390642642975,0.46081864833831787,0.46202173829078674,0.46295204758644104,0.4610383212566376,0.4623359739780426,0.45871108770370483,0.4613837003707886
16,0.5771613121032715,0.4760414958000183,0.4732351005077362,0.4714968502521515,0.4714604914188385,0.47276195883750916,0.46996989846229553,0.46860137581825256,0.4680470824241638,0.4681549370288849,0.4684053659439087,0.4685409665107727,0.46842944622039795,0.4676986336708069,0.4671829342842102
17,0.6730021238327026,0.4876517355442047,0.48086312413215637,0.47929680347442627,0.4781336784362793,0.47604238986968994,0.47436779737472534,0.4761826694011688,0.47490695118904114,0.47441786527633667,0.4748290181159973,0.47629740834236145,0.4729519784450531,0.47301435470581055,0.4717406630516052
18,0.6488349437713623,0.4875964820384979,0.48776188492774963,0.4858453571796417,0.4849795997142792,0.48382097482681274,0.48295310139656067,0.4823853075504303,0.4811818599700928,0.4831278324127197,0.4793730080127716,0.4805063307285309,0.4806373119354248,0.4795817732810974,0.4788670837879181
19,0.5841423273086548,0.49088332056999207,0.4887979328632355,0.4887486696243286,0.48745256662368774,0.4877718985080719,0.4866872727870941,0.4854576587677002,0.4869011342525482,0.4853406548500061,0.4869902729988098,0.48462435603141785,0.4892755448818207,0.4855411946773529,0.48404237627983093
20,1.4013378620147705,1.3354597091674805,1.3266361951828003,1.3230687379837036,1.3179385662078857,1.3153051137924194,1.3124110698699951,1.3110730648040771,1.3085217475891113,1.3067810535430908,1.3050198554992676,1.3032158613204956,1.3046393394470215,1.3008954524993896,1.300133466720581
21,1.3790384531021118,1.347731590270996,1.3461185693740845,1.343571424484253,1.3432331085205078,1.3425246477127075,1.3420716524124146,1.3423136472702026,1.3418747186660767,1.34112548828125,1.3408409357070923,1.341131567955017,1.3410409688949585,1.341461420059204,1.3399580717086792
22,1.3824284076690674,1.3608789443969727,1.3580197095870972,1.3579055070877075,1.3568906784057617,1.3554595708847046,1.3559926748275757,1.3572299480438232,1.3553004264831543,1.3552223443984985,1.3548283576965332,1.354893684387207,1.354714274406433,1.3549095392227173,1.3543647527694702
23,1.3768529891967773,1.364653468132019,1.3643044233322144,1.3635673522949219,1.3621912002563477,1.3630716800689697,1.3627711534500122,1.3619384765625,1.362548828125,1.362187385559082,1.3613158464431763,1.3622345924377441,1.3607735633850098,1.3615894317626953,1.3612016439437866
24,1.377943992614746,1.3680166006088257,1.367276668548584,1.3664342164993286,1.3664846420288086,1.365530014038086,1.365143895149231,1.36534583568573,1.3650096654891968,1.3645989894866943,1.364960789680481,1.3641083240509033,1.3640457391738892,1.3633650541305542,1.3635327816009521
25,1.4141701459884644,1.372260570526123,1.3709702491760254,1.3709841966629028,1.3699159622192383,1.369356393814087,1.3693293333053589,1.3689459562301636,1.368829607963562,1.3676104545593262,1.3675836324691772,1.368073582649231,1.36786687374115,1.367271900177002,1.366805911064148
26,1.4365135431289673,1.3819273710250854,1.3789080381393433,1.3775304555892944,1.3770904541015625,1.3765932321548462,1.3766838312149048,1.3758180141448975,1.3760896921157837,1.375994324684143,1.375667929649353,1.3750097751617432,1.3744267225265503,1.3750554323196411,1.3738123178482056
27,1.4022544622421265,1.3855717182159424,1.384459137916565,1.3834785223007202,1.3836522102355957,1.3832721710205078,1.3826051950454712,1.3828883171081543,1.3813012838363647,1.382571816444397,1.3816834688186646,1.3823148012161255,1.3807204961776733,1.3795318603515625,1.3804644346237183
28,1.4198986291885376,1.3902678489685059,1.3881810903549194,1.386691689491272,1.3869701623916626,1.3858628273010254,1.3849258422851562,1.3843649625778198,1.3842442035675049,1.383491039276123,1.3832405805587769,1.3831515312194824,1.383826732635498,1.3833820819854736,1.3829727172851562
29,1.4554593563079834,1.3958388566970825,1.3940421342849731,1.3931362628936768,1.3919329643249512,1.3919684886932373,1.3921457529067993,1.3905644416809082,1.3903052806854248,1.3904922008514404,1.3905394077301025,1.3898670673370361,1.3899081945419312,1.3893647193908691,1.3892581462860107
30,0.17105793952941895,0.12030201405286789,0.11573214083909988,0.11360461264848709,0.11200493574142456,0.11042028665542603,0.10885050892829895,0.10856636613607407,0.10763800889253616,0.10693062096834183,0.1060028225183487,0.1059054583311081,0.10482601076364517,0.10430189967155457,0.10375617444515228
31,0.23193153738975525,0.133996844291687,0.12610425055027008,0.12253714352846146,0.12014500796794891,0.11970628052949905,0.11821465939283371,0.11757136881351471,0.11702825874090195,0.11659755557775497,0.11596021056175232,0.11672624945640564,0.11594025045633316,0.11510726809501648,0.11514373123645782
32,0.17027060687541962,0.1262776255607605,0.12346279621124268,0.12232261151075363,0.12161265313625336,0.12088312953710556,0.12031250447034836,0.12060084939002991,0.1200307309627533,0.11968624591827393,0.11929149925708771,0.12032726407051086,0.11937817931175232,0.11879798024892807,0.11869794875383377
33,0.22104692459106445,0.13718503713607788,0.13347800076007843,0.1308138072490692,0.12958654761314392,0.12863421440124512,0.12796972692012787,0.12697537243366241,0.12666095793247223,0.12667059898376465,0.12600035965442657,0.12516534328460693,0.12492633610963821,0.12507931888103485,0.12458766251802444
34,0.168100506067276,0.13375785946846008,0.13238054513931274,0.13140439987182617,0.1310851275920868,0.13063083589076996,0.13010303676128387,0.12984691560268402,0.1292354315519333,0.12878172099590302,0.12860755622386932,0.12822897732257843,0.12815964221954346,0.12754367291927338,0.12754826247692108
35,0.15011560916900635,0.13648302853107452,0.1359243392944336,0.13530929386615753,0.13464102149009705,0.13420963287353516,0.1339135766029358,0.1342622935771942,0.13407543301582336,0.13332024216651917,0.13316525518894196,0.13235880434513092,0.13329443335533142,0.13251183927059174,0.13211600482463837
36,0.16069956123828888,0.14075691998004913,0.1402294784784317,0.13949325680732727,0.139042466878891,0.13839419186115265,0.13795065879821777,0.13783280551433563,0.13787105679512024,0.13765855133533478,0.13716624677181244,0.13700136542320251,0.13612473011016846,0.13625513017177582,0.13559842109680176
37,0.24187935888767242,0.14794017374515533,0.14576245844364166,0.14429278671741486,0.1439717710018158,0.14286448061466217,0.14256076514720917,0.142008975148201,0.14193834364414215,0.14218153059482574,0.14144566655158997,0.14182211458683014,0.14060425758361816,0.1409834325313568,0.14082640409469604
38,0.16632959246635437,0.1454511433839798,0.1446879804134369,0.14477701485157013,0.14386014640331268,0.14417371153831482,0.14404834806919098,0.14373892545700073,0.1437067687511444,0.14364559948444366,0.14299535751342773,0.14266447722911835,0.1424766629934311,0.1424253135919571,0.1422656923532486
39,0.19231650233268738,0.14909160137176514,0.14812742173671722,0.14765776693820953,0.14765645563602448,0.1469763070344925,0.1469951719045639,0.14663033187389374,0.1470838040113449,0.14626915752887726,0.14638295769691467,0.1457766741514206,0.14505836367607117,0.14517062902450562,0.14535096287727356
40,1.5492244958877563,1.500207543373108,1.4713236093521118,1.435075044631958,1.4052828550338745,1.3709059953689575,1.3338159322738647,1.2955071926116943,1.2724947929382324,1.250664234161377,1.2341338396072388,1.218005657196045,1.2066590785980225,1.1938252449035645,1.1767390966415405
41,1.5907195806503296,1.53915274143219,1.5168277025222778,1.492496371269226,1.4655050039291382,1.4416950941085815,1.4239442348480225,1.4028674364089966,1.3829777240753174,1.3675495386123657,1.352357029914856,1.3435523509979248,1.3287014961242676,1.3194575309753418,1.3072941303253174
42,1.6381739377975464,1.5934213399887085,1.5772175788879395,1.5626416206359863,1.5488944053649902,1.533450961112976,1.5201795101165771,1.5058447122573853,1.493900179862976,1.484703779220581,1.4919078350067139,1.469698429107666,1.456244945526123,1.4534869194030762,1.4469916820526123
43,1.676774263381958,1.6105804443359375,1.6000418663024902,1.5937120914459229,1.5867629051208496,1.5828717947006226,1.579557180404663,1.5743330717086792,1.5723501443862915,1.5740858316421509,1.5660268068313599,1.5683566331863403,1.5648713111877441,1.5492058992385864,1.5513726472854614
44,1.6089307069778442,1.6017380952835083,1.596774935722351,1.5957870483398438,1.5953060388565063,1.5855722427368164,1.5754051208496094,1.5505720376968384,1.5904325246810913,1.5338029861450195,1.5290710926055908,1.4239184856414795,1.4325333833694458,1.3057018518447876,1.2314153909683228
45,1.6612119674682617,1.6127451658248901,1.6076781749725342,1.604949712753296,1.6034765243530273,1.6022640466690063,1.6015098094940186,1.6009266376495361,1.5973831415176392,1.591513752937317,1.6036218404769897,1.5890872478485107,1.584681749343872,1.6122558116912842,1.6043397188186646
46,1.64034903049469,1.6099661588668823,1.6066139936447144,1.604311227798462,1.604966402053833,1.598832130432129,1.5927159786224365,1.589336633682251,1.5717239379882812,1.578427791595459,1.5455995798110962,1.5327163934707642,1.4694594144821167,1.4352630376815796,1.5025510787963867
47,1.6672334671020508,1.6133071184158325,1.6091810464859009,1.6082082986831665,1.6073485612869263,1.6053069829940796,1.6029670238494873,1.5983707904815674,1.6055412292480469,1.5914310216903687,1.5778069496154785,1.5774449110031128,1.5585169792175293,1.5618479251861572,1.5606627464294434
48,1.6852169036865234,1.6191283464431763,1.6136727333068848,1.611687183380127,1.610013484954834,1.6079994440078735,1.606549620628357,1.6071497201919556,1.6054003238677979,1.6026384830474854,1.6015998125076294,1.6002076864242554,1.597122073173523,1.5922561883926392,1.5860950946807861
49,1.6250311136245728,1.6142839193344116,1.6121500730514526,1.611868977546692,1.611031174659729,1.6092604398727417,1.6014732122421265,1.591850996017456,1.5936648845672607,1.5880848169326782,1.580568552017212,1.5676970481872559,1.585455060005188,1.5391067266464233,1.4709233045578003
