,0,1,2,3,4,5,6,7,8,9,10,11,12,13,14
0,0.3655567467212677,0.2887328863143921,0.25574764609336853,0.2340586930513382,0.2175263911485672,0.20727670192718506,0.2105110138654709,0.2084663361310959,0.19217491149902344,0.18811267614364624,0.18758438527584076,0.18188568949699402,0.183420330286026,0.1864655762910843,0.18036797642707825
1,0.5158955454826355,0.32148078083992004,0.2697644829750061,0.2344135046005249,0.21454037725925446,0.2069789320230484,0.1989695429801941,0.1947401463985443,0.19414088129997253,0.18999414145946503,0.19089482724666595,0.18956300616264343,0.18804198503494263,0.18656879663467407,0.18652699887752533
2,0.39906755089759827,0.31978392601013184,0.299328476190567,0.28981244564056396,0.28692424297332764,0.28749677538871765,0.28390976786613464,0.2820872664451599,0.28091996908187866,0.2804839015007019,0.2803925573825836,0.2779451310634613,0.2797025442123413,0.2746300995349884,0.2740001678466797
3,0.32021987438201904,0.2972606420516968,0.29060542583465576,0.28549543023109436,0.28161096572875977,0.2815938889980316,0.2817195653915405,0.2789202034473419,0.27886730432510376,0.2777124345302582,0.2770540118217468,0.2791914641857147,0.27637314796447754,0.2736191749572754,0.2783183157444
4,0.3353828191757202,0.300790011882782,0.2891823649406433,0.28705114126205444,0.283590704202652,0.28030747175216675,0.2789623737335205,0.27814027667045593,0.2770513594150543,0.2823011875152588,0.274497926235199,0.2766323983669281,0.2754644751548767,0.27349647879600525,0.2741761803627014
5,0.4355684518814087,0.3225690722465515,0.3011893332004547,0.29167041182518005,0.28912803530693054,0.28593766689300537,0.28250589966773987,0.28360888361930847,0.27807992696762085,0.2803158760070801,0.2778225839138031,0.2767522633075714,0.2766171097755432,0.2749834358692169,0.2749003767967224
6,0.42416685819625854,0.34212425351142883,0.32956066727638245,0.32552096247673035,0.32124587893486023,0.3199554681777954,0.3196527659893036,0.3192870616912842,0.3160182237625122,0.316895455121994,0.31399965286254883,0.3153708875179291,0.3115874230861664,0.3113192319869995,0.3090369403362274
7,0.44185346364974976,0.3433820605278015,0.32932010293006897,0.32463499903678894,0.32153603434562683,0.31813666224479675,0.3132801353931427,0.3104868531227112,0.3094598650932312,0.3069872260093689,0.3041715919971466,0.3051857054233551,0.30125293135643005,0.30735141038894653,0.3009929955005646
8,0.3741474151611328,0.3374941051006317,0.3284311890602112,0.32334229350090027,0.32119616866111755,0.3188573122024536,0.31800419092178345,0.3141193389892578,0.30985307693481445,0.3182833194732666,0.3131895363330841,0.3056263327598572,0.30724984407424927,0.3054763972759247,0.3043263256549835
9,0.37166351079940796,0.34704911708831787,0.34120190143585205,0.3397385776042938,0.3369814157485962,0.334905207157135,0.33470138907432556,0.3338831067085266,0.3322606086730957,0.3319242298603058,0.32997938990592957,0.3312458097934723,0.32914745807647705,0.32981985807418823,0.32853394746780396
10,0.5759790539741516,0.34789592027664185,0.3143502473831177,0.2897953391075134,0.2745809257030487,0.26395052671432495,0.2582864761352539,0.261444091796875,0.25242239236831665,0.2502537667751312,0.2516021132469177,0.2505657970905304,0.2541484832763672,0.25500965118408203,0.25152572989463806
11,0.3956570327281952,0.29825010895729065,0.2790137529373169,0.26402756571769714,0.2637028098106384,0.255039781332016,0.26306208968162537,0.25676068663597107,0.2526686191558838,0.25231364369392395,0.24898770451545715,0.2539781630039215,0.24898341298103333,0.25185519456863403,0.24799059331417084
12,0.4930233359336853,0.29832950234413147,0.27533164620399475,0.2656961679458618,0.25778013467788696,0.2558120787143707,0.256917804479599,0.2548324465751648,0.2522876560688019,0.25300249457359314,0.24752065539360046,0.24989263713359833,0.2502407133579254,0.2494065910577774,0.24995297193527222
13,0.598707377910614,0.29894739389419556,0.2669464945793152,0.2582181990146637,0.2545274794101715,0.2531268298625946,0.25338250398635864,0.2529948651790619,0.24967356026172638,0.2536647319793701,0.2495945543050766,0.24962840974330902,0.24625153839588165,0.251811683177948,0.2479754239320755
14,0.6557667851448059,0.39492806792259216,0.37972956895828247,0.37522709369659424,0.3694881498813629,0.36691299080848694,0.3682827055454254,0.36782529950141907,0.3672339916229248,0.3665660619735718,0.3642190098762512,0.3648603558540344,0.3633476197719574,0.3651392161846161,0.3648785650730133
15,0.6076787114143372,0.39393383264541626,0.3767634928226471,0.3700501620769501,0.3672128915786743,0.36647331714630127,0.3662101626396179,0.3664621412754059,0.3657848536968231,0.3664112389087677,0.36406105756759644,0.36551961302757263,0.3630247116088867,0.3631319999694824,0.36233988404273987
16,0.518408477306366,0.38455477356910706,0.37356463074684143,0.36873096227645874,0.3688822388648987,0.3660295307636261,0.3664396107196808,0.36815932393074036,0.36608463525772095,0.3658156991004944,0.3666563034057617,0.36516162753105164,0.3643089532852173,0.36811667680740356,0.364595890045166
17,0.5506452322006226,0.426387220621109,0.42160987854003906,0.41894423961639404,0.41975638270378113,0.4163203239440918,0.41555696725845337,0.41825270652770996,0.4143906831741333,0.41533493995666504,0.4139498472213745,0.4122600853443146,0.4126545190811157,0.4135124385356903,0.4124821424484253
18,0.5747799873352051,0.4253807067871094,0.42133045196533203,0.41757121682167053,0.41759178042411804,0.41678962111473083,0.41487905383110046,0.415841281414032,0.41499531269073486,0.4139833152294159,0.41247811913490295,0.4126342833042145,0.41379958391189575,0.41236451268196106,0.4116685390472412
19,0.8433483242988586,0.4436984956264496,0.42741212248802185,0.4232703447341919,0.41771039366722107,0.4178226888179779,0.41526123881340027,0.4154570698738098,0.4144722521305084,0.4142661392688751,0.4136416018009186,0.4143337905406952,0.41242772340774536,0.4125746190547943,0.4096495807170868
20,1.341845154762268,1.2931714057922363,1.2851979732513428,1.28089439868927,1.2768045663833618,1.2712904214859009,1.2677987813949585,1.2659039497375488,1.2647466659545898,1.263642430305481,1.2622113227844238,1.260908842086792,1.2603288888931274,1.2605953216552734,1.2602293491363525
21,1.3228529691696167,1.2874321937561035,1.2814608812332153,1.2774736881256104,1.2752461433410645,1.271461844444275,1.272160530090332,1.2671997547149658,1.2672944068908691,1.2663495540618896,1.2633228302001953,1.2645968198776245,1.2627743482589722,1.261820912361145,1.264494776725769
22,1.3185255527496338,1.2785755395889282,1.2738398313522339,1.2700228691101074,1.2674628496170044,1.265097975730896,1.2649633884429932,1.2639212608337402,1.2624911069869995,1.263899564743042,1.2634491920471191,1.261802077293396,1.2624661922454834,1.2614364624023438,1.262332797050476
23,1.3530000448226929,1.3071956634521484,1.306107997894287,1.304207444190979,1.3053770065307617,1.303836464881897,1.304179310798645,1.304572343826294,1.3032772541046143,1.3143197298049927,1.3041211366653442,1.304007649421692,1.3033593893051147,1.3030833005905151,1.3027372360229492
24,1.3293205499649048,1.306117296218872,1.3049969673156738,1.3041671514511108,1.3046358823776245,1.3044147491455078,1.3039908409118652,1.3042093515396118,1.3035794496536255,1.3030835390090942,1.3041958808898926,1.3042106628417969,1.3039367198944092,1.3036137819290161,1.302221417427063
25,1.314158320426941,1.3061366081237793,1.3055810928344727,1.3046876192092896,1.3051522970199585,1.304181694984436,1.3048121929168701,1.304158329963684,1.3032718896865845,1.3043240308761597,1.302634596824646,1.3028442859649658,1.3025298118591309,1.303895354270935,1.3032130002975464
26,1.355848789215088,1.3088977336883545,1.3071197271347046,1.305880069732666,1.3054249286651611,1.3048579692840576,1.304856538772583,1.3053122758865356,1.3049628734588623,1.304081678390503,1.3042091131210327,1.3044754266738892,1.3041077852249146,1.3035081624984741,1.3053785562515259
27,1.323840618133545,1.3206895589828491,1.320749044418335,1.3205686807632446,1.3197981119155884,1.3204405307769775,1.320246696472168,1.3191593885421753,1.3196747303009033,1.3202645778656006,1.319310188293457,1.3184700012207031,1.3194090127944946,1.3183541297912598,1.318758249282837
28,1.3259567022323608,1.3203656673431396,1.3203682899475098,1.319929838180542,1.3196609020233154,1.3196463584899902,1.3193901777267456,1.3198621273040771,1.3191323280334473,1.3182921409606934,1.3200076818466187,1.318077802658081,1.320543885231018,1.3186479806900024,1.3185410499572754
29,1.3568331003189087,1.3218439817428589,1.321128249168396,1.3204264640808105,1.3203909397125244,1.3199321031570435,1.3202769756317139,1.3204621076583862,1.3198497295379639,1.3194665908813477,1.3197665214538574,1.3188120126724243,1.3182752132415771,1.3181573152542114,1.3184425830841064
30,0.1842075139284134,0.14284232258796692,0.1326718032360077,0.12672105431556702,0.12352962046861649,0.12007194757461548,0.118632473051548,0.11601675301790237,0.11433789134025574,0.11313888430595398,0.11235528439283371,0.10898400843143463,0.11037690937519073,0.10907962918281555,0.10836189240217209
31,0.44891613721847534,0.17586609721183777,0.1534806340932846,0.14165008068084717,0.13419915735721588,0.12890250980854034,0.12478622794151306,0.12247027456760406,0.12042497843503952,0.11816298961639404,0.11678057909011841,0.11537282913923264,0.11438434571027756,0.11341649293899536,0.11343617737293243
32,0.13270466029644012,0.1227971538901329,0.11815144121646881,0.11545223742723465,0.11375196278095245,0.11335990577936172,0.11111880838871002,0.11184938251972198,0.11032377928495407,0.10943848639726639,0.1098347008228302,0.10820083320140839,0.1088455319404602,0.10855479538440704,0.10826446861028671
33,0.2920934557914734,0.16400432586669922,0.1548081487417221,0.14853355288505554,0.14505426585674286,0.14195509254932404,0.140846848487854,0.14005710184574127,0.13934071362018585,0.13839519023895264,0.1376011073589325,0.1368650197982788,0.13652299344539642,0.13560321927070618,0.1352779120206833
34,0.18368954956531525,0.1463371217250824,0.14128464460372925,0.13956318795681,0.1379638910293579,0.13753525912761688,0.13650722801685333,0.13603545725345612,0.13505631685256958,0.13516327738761902,0.135348841547966,0.13436421751976013,0.13371731340885162,0.13427585363388062,0.13312910497188568
35,0.22329086065292358,0.15123552083969116,0.1437162607908249,0.14060992002487183,0.139505073428154,0.13839669525623322,0.13742287456989288,0.13635782897472382,0.13559047877788544,0.13539841771125793,0.13438628613948822,0.13313239812850952,0.1330801099538803,0.13271428644657135,0.13190332055091858
36,0.20619352161884308,0.15667012333869934,0.1532224863767624,0.15167152881622314,0.15050536394119263,0.15043024718761444,0.14996811747550964,0.14970806241035461,0.14946332573890686,0.14931368827819824,0.14958132803440094,0.14884048700332642,0.1487731635570526,0.14884521067142487,0.14805543422698975
37,0.2163374274969101,0.1598910093307495,0.15466561913490295,0.15317445993423462,0.15170347690582275,0.15073099732398987,0.15055124461650848,0.15020997822284698,0.15046802163124084,0.14962314069271088,0.14980211853981018,0.1490240842103958,0.14976580440998077,0.1492779701948166,0.1492052525281906
38,0.2734457552433014,0.1698414385318756,0.16228526830673218,0.1575714647769928,0.1551554948091507,0.15289732813835144,0.15188366174697876,0.15149115025997162,0.1504216194152832,0.15040038526058197,0.15003560483455658,0.14994820952415466,0.14914825558662415,0.14997804164886475,0.14904777705669403
39,0.18784692883491516,0.16252242028713226,0.16038638353347778,0.15973639488220215,0.15975454449653625,0.15883338451385498,0.1592324674129486,0.15908122062683105,0.15972037613391876,0.15899600088596344,0.1588035225868225,0.15867263078689575,0.15805625915527344,0.1581682711839676,0.1584155410528183
40,1.631738305091858,1.5830541849136353,1.5342750549316406,1.4325306415557861,1.3994635343551636,1.385348916053772,1.374387502670288,1.3648778200149536,1.35209059715271,1.3390384912490845,1.329488754272461,1.3190104961395264,1.3075367212295532,1.29995596408844,1.2858377695083618
41,1.5293333530426025,1.4521205425262451,1.4162455797195435,1.3798649311065674,1.3412312269210815,1.304990291595459,1.271235466003418,1.2433983087539673,1.2209994792938232,1.1938610076904297,1.166749358177185,1.1526459455490112,1.1298377513885498,1.109924554824829,1.094333529472351
42,1.5375261306762695,1.4907493591308594,1.4550360441207886,1.4096635580062866,1.3606147766113281,1.2899950742721558,1.2441169023513794,1.206507921218872,1.1802552938461304,1.162915825843811,1.1472054719924927,1.120591640472412,1.1111078262329102,1.0883983373641968,1.072364091873169
43,1.6147042512893677,1.557997703552246,1.5187169313430786,1.492085337638855,1.4587798118591309,1.4471684694290161,1.4167556762695312,1.3997676372528076,1.37738037109375,1.3630802631378174,1.3463425636291504,1.3353657722473145,1.3273977041244507,1.3100329637527466,1.3113822937011719
44,1.613967776298523,1.540816068649292,1.5121474266052246,1.490546703338623,1.4715288877487183,1.4496197700500488,1.4274569749832153,1.4060901403427124,1.3845409154891968,1.3686972856521606,1.3630492687225342,1.3441030979156494,1.329694390296936,1.3171108961105347,1.3059278726577759
45,1.5717473030090332,1.5310189723968506,1.5004709959030151,1.4720202684402466,1.4484889507293701,1.4251983165740967,1.4179197549819946,1.3874112367630005,1.3876324892044067,1.3558443784713745,1.3388266563415527,1.3442180156707764,1.3196041584014893,1.3103911876678467,1.2997087240219116
46,1.5307984352111816,1.4967151880264282,1.47193443775177,1.4472339153289795,1.4257938861846924,1.4064786434173584,1.3895517587661743,1.3767319917678833,1.3656686544418335,1.3530325889587402,1.3569235801696777,1.3325955867767334,1.32351815700531,1.3048447370529175,1.2924919128417969
47,1.5900379419326782,1.558138132095337,1.5513314008712769,1.5447229146957397,1.5388776063919067,1.5296567678451538,1.5231125354766846,1.5165191888809204,1.5078027248382568,1.5013865232467651,1.5046321153640747,1.4894086122512817,1.4835206270217896,1.4734838008880615,1.4665021896362305
48,1.569847822189331,1.5425442457199097,1.5318294763565063,1.5190932750701904,1.5081653594970703,1.5011705160140991,1.4959635734558105,1.4847146272659302,1.4751665592193604,1.474561333656311,1.4588011503219604,1.4420620203018188,1.4528005123138428,1.423154354095459,1.453446626663208
49,1.60637366771698,1.5543020963668823,1.541509747505188,1.5332850217819214,1.5267151594161987,1.5205997228622437,1.5135791301727295,1.5092921257019043,1.5120714902877808,1.5001169443130493,1.4954502582550049,1.4896749258041382,1.4880613088607788,1.4848244190216064,1.4759221076965332
