,0,1,2,3,4,5,6,7,8,9,10,11,12,13,14
0,0.3959997296333313,0.310720831155777,0.2788018584251404,0.26591843366622925,0.24366137385368347,0.22949959337711334,0.21854116022586823,0.20961713790893555,0.20229223370552063,0.2000291347503662,0.1928294152021408,0.20804710686206818,0.18755939602851868,0.1869179904460907,0.1841202974319458
1,0.37284427881240845,0.31240472197532654,0.2953377068042755,0.2875470519065857,0.28018537163734436,0.2752625048160553,0.2708081305027008,0.2660236060619354,0.26374536752700806,0.25964468717575073,0.258289098739624,0.2534981369972229,0.2511615455150604,0.2516762316226959,0.2660807967185974
2,0.3718360364437103,0.34794488549232483,0.33566370606422424,0.3254203796386719,0.3195955455303192,0.31326431035995483,0.30689677596092224,0.3053690791130066,0.29605111479759216,0.2917955219745636,0.2869052588939667,0.2863016128540039,0.28069040179252625,0.27596965432167053,0.2729717791080475
3,0.4477863609790802,0.36668115854263306,0.35560697317123413,0.34675225615501404,0.3382156193256378,0.3312973380088806,0.3261060118675232,0.3235718607902527,0.3140318691730499,0.3089914321899414,0.3064529597759247,0.29853641986846924,0.29611936211586,0.2887812554836273,0.2955639064311981
4,0.4416564106941223,0.3771238923072815,0.36790746450424194,0.3600005507469177,0.35801756381988525,0.3527383804321289,0.3438866138458252,0.33428755402565,0.326462984085083,0.3239744305610657,0.3602396845817566,0.3318597376346588,0.32350847125053406,0.31958234310150146,0.31410232186317444
5,0.4357600808143616,0.38424235582351685,0.3730117082595825,0.3648976981639862,0.3587287664413452,0.35234174132347107,0.3476708233356476,0.33819764852523804,0.33259764313697815,0.3288780450820923,0.3201749622821808,0.311567485332489,0.3122173249721527,0.3056532144546509,0.30427756905555725
6,0.4117652177810669,0.38747748732566833,0.38072559237480164,0.3750612437725067,0.3723200559616089,0.367635577917099,0.3667196035385132,0.36182764172554016,0.3558979332447052,0.34985578060150146,0.3482614755630493,0.34490200877189636,0.34148332476615906,0.33753547072410583,0.3354085683822632
7,0.45250335335731506,0.3980746567249298,0.3892066478729248,0.3835965394973755,0.3790411651134491,0.37520554661750793,0.37201061844825745,0.3695562481880188,0.3657415509223938,0.3643455505371094,0.36552882194519043,0.360821396112442,0.3568263649940491,0.3545319139957428,0.35404714941978455
8,0.4536062180995941,0.40249791741371155,0.3962225019931793,0.3901597857475281,0.3877108097076416,0.3844466805458069,0.3820614218711853,0.3805738091468811,0.3780798614025116,0.37611913681030273,0.3752419650554657,0.37389299273490906,0.3721224367618561,0.3702148199081421,0.36910152435302734
9,0.4248979091644287,0.40462884306907654,0.3979591727256775,0.39814916253089905,0.39213916659355164,0.39104118943214417,0.3880898654460907,0.3859004080295563,0.3857961893081665,0.3840593099594116,0.3832080662250519,0.38218823075294495,0.3803890645503998,0.37938201427459717,0.37733498215675354
10,0.7342106103897095,0.3836404085159302,0.33407673239707947,0.30913296341896057,0.291856974363327,0.2824500501155853,0.27816835045814514,0.2659778892993927,0.2656600773334503,0.25953179597854614,0.25642767548561096,0.26030877232551575,0.25865936279296875,0.25724631547927856,0.2540348172187805
11,0.5064477920532227,0.3963502049446106,0.3834124803543091,0.3813186585903168,0.37778225541114807,0.3716960847377777,0.3718964457511902,0.3695864677429199,0.3653297424316406,0.3672179579734802,0.36888933181762695,0.3650871217250824,0.36315467953681946,0.36272138357162476,0.3627791702747345
12,0.7279832363128662,0.44217613339424133,0.4301428198814392,0.42474165558815,0.4195214509963989,0.42155781388282776,0.4181085228919983,0.4184597432613373,0.4174566864967346,0.4162808656692505,0.4131181538105011,0.4130823016166687,0.41053691506385803,0.4113177955150604,0.40901973843574524
13,0.5742487907409668,0.4524672031402588,0.4443264603614807,0.4430769085884094,0.44222697615623474,0.4369775950908661,0.4361398220062256,0.43205803632736206,0.4310262203216553,0.43105384707450867,0.4284500479698181,0.42744410037994385,0.42339304089546204,0.4256977438926697,0.42224863171577454
14,0.6271892189979553,0.4623146951198578,0.45894190669059753,0.4539956748485565,0.45595869421958923,0.4523286521434784,0.4480911195278168,0.44393980503082275,0.44252344965934753,0.44102755188941956,0.43287646770477295,0.43339529633522034,0.4232836067676544,0.421866774559021,0.4239876866340637
15,0.7232462763786316,0.48648712038993835,0.4751316010951996,0.4707708954811096,0.47091761231422424,0.46882328391075134,0.4677613079547882,0.4666045606136322,0.4672658145427704,0.46651971340179443,0.4651150703430176,0.4610951840877533,0.46115410327911377,0.4619741141796112,0.46174362301826477
16,0.7385483980178833,0.490351140499115,0.48329126834869385,0.47815001010894775,0.47302302718162537,0.4726203978061676,0.46813079714775085,0.46384021639823914,0.45767953991889954,0.458823025226593,0.454812228679657,0.4512503743171692,0.44999608397483826,0.4448179602622986,0.44250014424324036
17,0.6038360595703125,0.4978782534599304,0.4890630841255188,0.4872078597545624,0.4842158257961273,0.48072704672813416,0.47147929668426514,0.4709111452102661,0.4673635959625244,0.4648396968841553,0.4664933383464813,0.46095407009124756,0.45685049891471863,0.452828973531723,0.44965216517448425
18,0.7356069087982178,0.4999912679195404,0.49197664856910706,0.48986852169036865,0.48811399936676025,0.4870852530002594,0.48253798484802246,0.4800799489021301,0.4788975417613983,0.47009050846099854,0.47146278619766235,0.46554645895957947,0.4674975275993347,0.4611012935638428,0.46096694469451904
19,0.6601465344429016,0.5052411556243896,0.5001315474510193,0.4957810342311859,0.49401500821113586,0.4914596378803253,0.48852401971817017,0.4876779615879059,0.4821753203868866,0.4818570017814636,0.47498494386672974,0.47524768114089966,0.472047358751297,0.46812111139297485,0.46005821228027344
20,1.3446577787399292,1.3294756412506104,1.3215292692184448,1.3164783716201782,1.3128451108932495,1.310375690460205,1.3115242719650269,1.3073631525039673,1.3042497634887695,1.3027656078338623,1.3036525249481201,1.3021503686904907,1.3003805875778198,1.3004900217056274,1.3003662824630737
21,1.4326772689819336,1.3560012578964233,1.3498657941818237,1.3463373184204102,1.3452485799789429,1.345167875289917,1.3439472913742065,1.3429985046386719,1.3417139053344727,1.3417353630065918,1.3414881229400635,1.3412377834320068,1.3423219919204712,1.3414623737335205,1.3388904333114624
22,1.392850399017334,1.3627839088439941,1.3588643074035645,1.3571908473968506,1.3556835651397705,1.3556822538375854,1.3559136390686035,1.355590581893921,1.354640007019043,1.3536804914474487,1.3536309003829956,1.3532626628875732,1.3521572351455688,1.3520739078521729,1.3522013425827026
23,1.4612449407577515,1.3720569610595703,1.3663861751556396,1.364519715309143,1.3633545637130737,1.3625887632369995,1.3622792959213257,1.3623919486999512,1.3616548776626587,1.361229658126831,1.3614020347595215,1.3609216213226318,1.3610823154449463,1.3603788614273071,1.359877586364746
24,1.4092110395431519,1.3708566427230835,1.3678631782531738,1.3660763502120972,1.3659007549285889,1.3655421733856201,1.3646113872528076,1.3637880086898804,1.3641525506973267,1.3634922504425049,1.3640059232711792,1.3632760047912598,1.3627398014068604,1.3626222610473633,1.3613969087600708
25,1.3905882835388184,1.372740626335144,1.370297908782959,1.3691993951797485,1.3689361810684204,1.3680925369262695,1.3685963153839111,1.3673362731933594,1.367661476135254,1.36733877658844,1.3670830726623535,1.36786687374115,1.366937518119812,1.3671200275421143,1.3676164150238037
26,1.4259172677993774,1.3790839910507202,1.3775160312652588,1.377354383468628,1.3760513067245483,1.375571370124817,1.3759236335754395,1.3754726648330688,1.374376654624939,1.3752905130386353,1.3742680549621582,1.3733580112457275,1.3743613958358765,1.3735405206680298,1.3726173639297485
27,1.4235858917236328,1.3887741565704346,1.3843166828155518,1.382690191268921,1.382463812828064,1.3818538188934326,1.3813629150390625,1.381112813949585,1.3805965185165405,1.3798424005508423,1.379681944847107,1.3798130750656128,1.3796919584274292,1.3788111209869385,1.3785953521728516
28,1.3994427919387817,1.3858613967895508,1.3859539031982422,1.385219931602478,1.385393738746643,1.385010004043579,1.3855832815170288,1.3851085901260376,1.3848698139190674,1.3835738897323608,1.3846371173858643,1.38422429561615,1.384422779083252,1.3840676546096802,1.3840320110321045
29,1.4337844848632812,1.3980767726898193,1.395032286643982,1.3938127756118774,1.3918790817260742,1.3920973539352417,1.3919360637664795,1.3916059732437134,1.3909555673599243,1.390540599822998,1.3909369707107544,1.3899494409561157,1.390303611755371,1.3893944025039673,1.389833927154541
30,0.33394861221313477,0.13927818834781647,0.12838201224803925,0.12150147557258606,0.1162666454911232,0.11157308518886566,0.1100916862487793,0.10878518968820572,0.10783157497644424,0.10611191391944885,0.10681869089603424,0.10589295625686646,0.10554106533527374,0.1045759990811348,0.10375148057937622
31,0.28106749057769775,0.137941375374794,0.12899379432201385,0.12412731349468231,0.1222124919295311,0.12035606801509857,0.11891775578260422,0.1186663955450058,0.11770479381084442,0.11688629537820816,0.11622064560651779,0.11567625403404236,0.11539478600025177,0.11453049629926682,0.11402834206819534
32,0.15609273314476013,0.12485326081514359,0.12314429134130478,0.1217283383011818,0.12221579998731613,0.121235691010952,0.12132716923952103,0.12026040256023407,0.1203244999051094,0.12015824019908905,0.1198778823018074,0.11976128816604614,0.11930154263973236,0.11916414648294449,0.11983703821897507
33,0.20659996569156647,0.1375754028558731,0.13227242231369019,0.13017290830612183,0.12825286388397217,0.12844279408454895,0.12668994069099426,0.1264932006597519,0.12595413625240326,0.12568399310112,0.12487372010946274,0.12502658367156982,0.12442027777433395,0.12450876086950302,0.12419622391462326
34,0.2897147834300995,0.1468607634305954,0.1391013115644455,0.13596303761005402,0.1343618780374527,0.1329965591430664,0.13146156072616577,0.13067014515399933,0.1305910050868988,0.12980447709560394,0.12949830293655396,0.12892968952655792,0.12842196226119995,0.12844344973564148,0.1280694603919983
35,0.16135214269161224,0.13853590190410614,0.13641785085201263,0.13538891077041626,0.1343991458415985,0.13383246958255768,0.13395680487155914,0.13341264426708221,0.1335216611623764,0.1328796148300171,0.13274087011814117,0.13263514637947083,0.1320285052061081,0.1320340484380722,0.1313900351524353
36,0.24218621850013733,0.1445855051279068,0.14180579781532288,0.14088174700737,0.1404433250427246,0.1398629993200302,0.13954980671405792,0.1388111263513565,0.13905666768550873,0.13822852075099945,0.13892504572868347,0.1382819265127182,0.13763871788978577,0.13738328218460083,0.13709592819213867
37,0.21605582535266876,0.14832842350006104,0.14616042375564575,0.14462870359420776,0.14353357255458832,0.14291392266750336,0.14221391081809998,0.14215564727783203,0.14145337045192719,0.14137646555900574,0.14085400104522705,0.14100366830825806,0.1409933865070343,0.1400412917137146,0.14014451205730438
38,0.18249164521694183,0.14670947194099426,0.14552371203899384,0.14541971683502197,0.14446133375167847,0.14477147161960602,0.14408116042613983,0.14370448887348175,0.14333005249500275,0.14356765151023865,0.1434670239686966,0.14285056293010712,0.14292651414871216,0.142815962433815,0.14221256971359253
39,0.1873144656419754,0.14833424985408783,0.14708052575588226,0.14690494537353516,0.14615437388420105,0.1467277556657791,0.14660002291202545,0.14592967927455902,0.1456361562013626,0.1453121453523636,0.1453215777873993,0.1448964774608612,0.1451684534549713,0.14480248093605042,0.14477866888046265
40,1.591078758239746,1.5174604654312134,1.4623644351959229,1.4197230339050293,1.3857778310775757,1.3579570055007935,1.3327618837356567,1.3126853704452515,1.2989379167556763,1.2811863422393799,1.265016794204712,1.2511471509933472,1.2344541549682617,1.220908522605896,1.2073296308517456
41,1.6002861261367798,1.5546865463256836,1.527374267578125,1.496112585067749,1.4661893844604492,1.460187315940857,1.420030951499939,1.380876064300537,1.3564105033874512,1.3311535120010376,1.3191554546356201,1.2933181524276733,1.2590949535369873,1.24472975730896,1.3557355403900146
42,1.6384429931640625,1.5753107070922852,1.5517771244049072,1.5341795682907104,1.520925521850586,1.5036919116973877,1.4879305362701416,1.4618123769760132,1.4300278425216675,1.3910253047943115,1.3503506183624268,1.3171091079711914,1.2833908796310425,1.241403341293335,1.2302846908569336
43,1.6585984230041504,1.5905081033706665,1.5757420063018799,1.5586942434310913,1.5393389463424683,1.503892183303833,1.482536792755127,1.3920007944107056,1.3525383472442627,1.3174033164978027,1.255562424659729,1.2218244075775146,1.2242799997329712,1.4110409021377563,1.1962693929672241
44,1.659619927406311,1.5998742580413818,1.5850406885147095,1.5753647089004517,1.5658020973205566,1.53697669506073,1.4767290353775024,1.4606026411056519,1.393917441368103,1.3355599641799927,1.283686876296997,1.3590624332427979,1.2743948698043823,1.2225712537765503,1.2026805877685547
45,1.6642796993255615,1.6019186973571777,1.5815171003341675,1.5641423463821411,1.548746943473816,1.508305549621582,1.449259638786316,1.456619381904602,1.344434142112732,1.290824294090271,1.2591525316238403,1.201567530632019,1.1717746257781982,1.1419912576675415,1.2388569116592407
46,1.6301888227462769,1.5779314041137695,1.5609225034713745,1.537911295890808,1.5196508169174194,1.47812819480896,1.3934154510498047,1.3843858242034912,1.3099355697631836,1.2790790796279907,1.2993061542510986,1.2087080478668213,1.1756927967071533,1.1532858610153198,1.2819061279296875
47,1.6617220640182495,1.5917600393295288,1.5640994310379028,1.5398613214492798,1.5213253498077393,1.4945603609085083,1.470506191253662,1.4191752672195435,1.3958518505096436,1.283364176750183,1.286263108253479,1.217515230178833,1.2381069660186768,1.183494210243225,1.127899169921875
48,1.6326040029525757,1.5805180072784424,1.5632463693618774,1.5412232875823975,1.517914056777954,1.4814703464508057,1.4303674697875977,1.3820892572402954,1.3485842943191528,1.3107664585113525,1.298285961151123,1.2581632137298584,1.2269736528396606,1.547277808189392,1.3340178728103638
49,1.6743545532226562,1.5998507738113403,1.5735090970993042,1.5561420917510986,1.5364880561828613,1.533565878868103,1.4925981760025024,1.438390851020813,1.4887408018112183,1.4133272171020508,1.3738021850585938,1.33683443069458,1.2956194877624512,1.2760636806488037,1.288479208946228
