,0,1,2,3,4,5,6,7,8,9,10,11,12,13,14
0,0.35818231105804443,0.2941770553588867,0.2624175548553467,0.242184579372406,0.22766555845737457,0.2182934731245041,0.21107476949691772,0.20508632063865662,0.20386692881584167,0.1966613531112671,0.19604459404945374,0.19212280213832855,0.19211244583129883,0.19240802526474,0.18822486698627472
1,0.4137172996997833,0.333524227142334,0.3166958689689636,0.3075501024723053,0.30290892720222473,0.29787224531173706,0.29408755898475647,0.2935072183609009,0.2901591956615448,0.28703126311302185,0.28601717948913574,0.2833443880081177,0.28409379720687866,0.27802616357803345,0.27677395939826965
2,0.4125935435295105,0.3560413420200348,0.34228548407554626,0.3351099491119385,0.33110669255256653,0.32752835750579834,0.3242782950401306,0.32230934500694275,0.32079586386680603,0.31601402163505554,0.3141840100288391,0.309922993183136,0.3121408224105835,0.30386030673980713,0.30350738763809204
3,0.3993387520313263,0.3622102737426758,0.35353323817253113,0.34935635328292847,0.34584957361221313,0.34442248940467834,0.3404175341129303,0.3365008533000946,0.3333302140235901,0.3309282958507538,0.3280152976512909,0.32454580068588257,0.32717135548591614,0.3215005099773407,0.32094988226890564
4,0.384647399187088,0.3668062388896942,0.3603632152080536,0.356984943151474,0.3530898988246918,0.35142919421195984,0.3476276397705078,0.3440256416797638,0.3424552381038666,0.3399655520915985,0.3393447995185852,0.3378097414970398,0.3515261709690094,0.3347031772136688,0.33232250809669495
5,0.4483926296234131,0.3907397389411926,0.38204437494277954,0.3765263259410858,0.37327906489372253,0.3678940534591675,0.36648526787757874,0.36490100622177124,0.36346542835235596,0.36298632621765137,0.3586915135383606,0.3566710650920868,0.3542088270187378,0.3559805452823639,0.34969645738601685
6,0.46854180097579956,0.3936658203601837,0.38399821519851685,0.3806160092353821,0.3767423927783966,0.3742135763168335,0.3709889054298401,0.3686729967594147,0.3711477518081665,0.36688244342803955,0.36491939425468445,0.3601125478744507,0.35963696241378784,0.36065903306007385,0.35782232880592346
7,0.45804038643836975,0.39552050828933716,0.38953083753585815,0.38558030128479004,0.38268589973449707,0.38078776001930237,0.38043075799942017,0.3757728338241577,0.3751367926597595,0.3713032603263855,0.37042462825775146,0.37171927094459534,0.3690912127494812,0.36832937598228455,0.3657214939594269
8,0.45492640137672424,0.40727272629737854,0.3974500000476837,0.392170250415802,0.39062753319740295,0.3887210786342621,0.38835108280181885,0.3845790922641754,0.3844135105609894,0.3836148679256439,0.3820437788963318,0.3828810155391693,0.3817440867424011,0.3804785907268524,0.3795469105243683
9,0.48680365085601807,0.40601807832717896,0.3972166180610657,0.3964781165122986,0.3941332697868347,0.38947197794914246,0.3881678581237793,0.3867584466934204,0.3845449984073639,0.3840712308883667,0.3813314139842987,0.38284432888031006,0.38026273250579834,0.37846243381500244,0.38110584020614624
10,0.6857197284698486,0.36175546050071716,0.32763081789016724,0.30517515540122986,0.290932297706604,0.27899453043937683,0.2750649154186249,0.2706941068172455,0.2652955651283264,0.2579362690448761,0.2575777471065521,0.2561672031879425,0.2609211802482605,0.25549423694610596,0.2576960027217865
11,0.6272276043891907,0.40227940678596497,0.38934504985809326,0.381591796875,0.37673377990722656,0.3768421411514282,0.3752245306968689,0.37369072437286377,0.3699398338794708,0.37138888239860535,0.37064194679260254,0.3717341125011444,0.37010428309440613,0.3676456809043884,0.367697536945343
12,0.8165069222450256,0.44994834065437317,0.4310150444507599,0.4227616488933563,0.4201008081436157,0.4180885851383209,0.4150755703449249,0.4136640429496765,0.41280537843704224,0.4135739803314209,0.41379597783088684,0.41436004638671875,0.4109649360179901,0.41270288825035095,0.4093751609325409
13,0.5224905610084534,0.4467843472957611,0.44511905312538147,0.4416458010673523,0.4408988356590271,0.4373069107532501,0.43840306997299194,0.4374353885650635,0.4371410608291626,0.4374820291996002,0.4355262815952301,0.43700748682022095,0.4345296621322632,0.43593132495880127,0.4343644380569458
14,0.6377819180488586,0.4702933728694916,0.4613509476184845,0.4584144353866577,0.45476189255714417,0.45553988218307495,0.45469245314598083,0.4535110294818878,0.4542731046676636,0.450859010219574,0.4522791802883148,0.453952819108963,0.4518682062625885,0.45187142491340637,0.451095312833786
15,0.6127161383628845,0.4755605459213257,0.466985821723938,0.4683879315853119,0.4656853675842285,0.4629814922809601,0.4655851125717163,0.4638301134109497,0.4626854658126831,0.46214112639427185,0.45975062251091003,0.46156182885169983,0.46030867099761963,0.4597567319869995,0.4572196304798126
16,0.6398452520370483,0.4790317714214325,0.4768794775009155,0.47507983446121216,0.4747288227081299,0.4741609990596771,0.47226670384407043,0.4725792407989502,0.47225746512413025,0.4700320065021515,0.470152884721756,0.4698817729949951,0.47189861536026,0.4717029631137848,0.4692838788032532
17,0.7439489364624023,0.4934978783130646,0.48443323373794556,0.4857322573661804,0.48009952902793884,0.4815157353878021,0.48070022463798523,0.4811888039112091,0.4760010242462158,0.48040929436683655,0.47781068086624146,0.47825077176094055,0.47448980808258057,0.47513291239738464,0.4766053259372711
18,0.764319896697998,0.4945133924484253,0.48723724484443665,0.48544806241989136,0.484774649143219,0.48381713032722473,0.4844503700733185,0.48412445187568665,0.48104140162467957,0.4827878475189209,0.48352283239364624,0.48000144958496094,0.4819016754627228,0.4809633493423462,0.47986510396003723
19,0.6004564166069031,0.4950198829174042,0.4927862286567688,0.4889559745788574,0.4925287067890167,0.48737356066703796,0.48905837535858154,0.4884754717350006,0.4886878430843353,0.48700475692749023,0.48827797174453735,0.48810672760009766,0.4883199632167816,0.48754453659057617,0.48588818311691284
20,1.3418577909469604,1.3272846937179565,1.3208670616149902,1.3175877332687378,1.3144453763961792,1.3120355606079102,1.308178186416626,1.310193657875061,1.3056175708770752,1.303858757019043,1.3029828071594238,1.3039191961288452,1.3017547130584717,1.3015371561050415,1.300382375717163
21,1.3592997789382935,1.3484399318695068,1.3469656705856323,1.3435057401657104,1.3436580896377563,1.3433589935302734,1.341905117034912,1.3423843383789062,1.3413223028182983,1.3405531644821167,1.3415077924728394,1.3396642208099365,1.3397890329360962,1.3396739959716797,1.3410834074020386
22,1.377534031867981,1.3595398664474487,1.357028841972351,1.3564972877502441,1.355006217956543,1.3552097082138062,1.3550891876220703,1.3547356128692627,1.3545098304748535,1.353985071182251,1.3540815114974976,1.3539756536483765,1.3533836603164673,1.3540711402893066,1.3519105911254883
23,1.3971484899520874,1.3661491870880127,1.364219307899475,1.3626761436462402,1.3622064590454102,1.362153172492981,1.3614177703857422,1.3614717721939087,1.361738920211792,1.361108660697937,1.3613991737365723,1.3616522550582886,1.3612289428710938,1.3603076934814453,1.360830545425415
24,1.4224735498428345,1.369309902191162,1.3668571710586548,1.3666642904281616,1.365924596786499,1.3655554056167603,1.3644694089889526,1.3642128705978394,1.364492654800415,1.3638230562210083,1.3637136220932007,1.362790584564209,1.363234281539917,1.3625483512878418,1.3624049425125122
25,1.3837114572525024,1.3706873655319214,1.3697960376739502,1.369184970855713,1.3689255714416504,1.3693554401397705,1.3684033155441284,1.3682243824005127,1.3669474124908447,1.367936372756958,1.3669530153274536,1.3672831058502197,1.3669581413269043,1.367651343345642,1.3667649030685425
26,1.403773546218872,1.3764872550964355,1.3762061595916748,1.3759547472000122,1.3752120733261108,1.3745625019073486,1.3742398023605347,1.3744087219238281,1.3729352951049805,1.3731498718261719,1.37320077419281,1.3709965944290161,1.37229323387146,1.3722615242004395,1.3705300092697144
27,1.3964697122573853,1.3855012655258179,1.3839023113250732,1.383038878440857,1.383571743965149,1.3824864625930786,1.3821769952774048,1.3809916973114014,1.3808716535568237,1.3801684379577637,1.3795267343521118,1.3793832063674927,1.3782700300216675,1.3787846565246582,1.3770627975463867
28,1.4091670513153076,1.3882094621658325,1.3867024183273315,1.3864190578460693,1.3858630657196045,1.3859829902648926,1.3854496479034424,1.3852696418762207,1.3854058980941772,1.3846060037612915,1.385107398033142,1.3841279745101929,1.383470892906189,1.3840913772583008,1.3835299015045166
29,1.41225266456604,1.3947367668151855,1.393159031867981,1.3930712938308716,1.392354130744934,1.392838954925537,1.3918088674545288,1.3915629386901855,1.390685796737671,1.390696406364441,1.3903083801269531,1.3908460140228271,1.39020574092865,1.3908674716949463,1.3884309530258179
30,0.15664704144001007,0.11689655482769012,0.11254829168319702,0.1104322224855423,0.11037155985832214,0.10826586931943893,0.10700275003910065,0.10626988857984543,0.10666204988956451,0.10495156794786453,0.10494201630353928,0.10456044226884842,0.10409726947546005,0.10357776284217834,0.10333093255758286
31,0.2124774158000946,0.1305413693189621,0.12404721230268478,0.1212129294872284,0.11894062906503677,0.11803146451711655,0.11742838472127914,0.1170000359416008,0.11735805124044418,0.1160520613193512,0.11592254787683487,0.11551768332719803,0.11542359739542007,0.11514345556497574,0.11514072120189667
32,0.221052348613739,0.13042670488357544,0.1263943612575531,0.1246170848608017,0.1240253895521164,0.12337356805801392,0.12226875126361847,0.12156689912080765,0.12236002832651138,0.12157858908176422,0.1208646148443222,0.12058547884225845,0.12040333449840546,0.1195601373910904,0.1192895695567131
33,0.2143443375825882,0.13725461065769196,0.13329656422138214,0.13100729882717133,0.1298319697380066,0.1285742223262787,0.1270975023508072,0.12736152112483978,0.12632586061954498,0.1259179711341858,0.12536820769309998,0.12505526840686798,0.12411466985940933,0.12451110780239105,0.12400989979505539
34,0.17396484315395355,0.1334988921880722,0.13244543969631195,0.13169150054454803,0.13174477219581604,0.13089200854301453,0.1304176151752472,0.13070258498191833,0.13008664548397064,0.1297278106212616,0.12940438091754913,0.12943066656589508,0.12927885353565216,0.12888754904270172,0.12797339260578156
35,0.22100606560707092,0.14286749064922333,0.13975569605827332,0.1378440260887146,0.13763664662837982,0.13598692417144775,0.13510526716709137,0.13481612503528595,0.13462115824222565,0.133665531873703,0.13329564034938812,0.13317418098449707,0.1331425905227661,0.13207122683525085,0.13213910162448883
36,0.20244799554347992,0.14395183324813843,0.1418343335390091,0.14117974042892456,0.14098148047924042,0.1400580257177353,0.1397821456193924,0.13930858671665192,0.13879834115505219,0.1388883888721466,0.13875775039196014,0.13847529888153076,0.1377284824848175,0.13769608736038208,0.13724054396152496
37,0.17444811761379242,0.1451376974582672,0.1441357582807541,0.14320753514766693,0.14329560101032257,0.14298468828201294,0.14269138872623444,0.14219845831394196,0.14258748292922974,0.14227057993412018,0.1423162817955017,0.1410645842552185,0.14102375507354736,0.140849307179451,0.14125625789165497
38,0.17864474654197693,0.14605090022087097,0.14560246467590332,0.1455870121717453,0.14460477232933044,0.14460325241088867,0.14465190470218658,0.1443789154291153,0.14434754848480225,0.14494258165359497,0.14456456899642944,0.14422744512557983,0.14382997155189514,0.14390690624713898,0.14386418461799622
39,0.24996300041675568,0.15276119112968445,0.15051282942295074,0.14963942766189575,0.1491776406764984,0.14895600080490112,0.14816774427890778,0.14779873192310333,0.14754056930541992,0.14710481464862823,0.1458868831396103,0.1459800899028778,0.14621254801750183,0.1453203409910202,0.1460641622543335
40,1.587844967842102,1.5529896020889282,1.5056722164154053,1.4665043354034424,1.443762183189392,1.4190648794174194,1.4320693016052246,1.3687764406204224,1.3494420051574707,1.333725094795227,1.31764554977417,1.3025137186050415,1.2883927822113037,1.2742637395858765,1.2608141899108887
41,1.617834448814392,1.5600500106811523,1.5302515029907227,1.500424861907959,1.474846363067627,1.4460452795028687,1.4234132766723633,1.3998336791992188,1.385834813117981,1.3695175647735596,1.3573427200317383,1.3437199592590332,1.3333954811096191,1.322058916091919,1.3146488666534424
42,1.604856014251709,1.5799081325531006,1.5695085525512695,1.5583007335662842,1.5467145442962646,1.5396543741226196,1.5252654552459717,1.5143901109695435,1.502503752708435,1.4895758628845215,1.4918627738952637,1.476150631904602,1.4616795778274536,1.449732780456543,1.4568060636520386
43,1.6384947299957275,1.605543613433838,1.5991445779800415,1.5961354970932007,1.5912232398986816,1.5880279541015625,1.583828091621399,1.5786747932434082,1.5725749731063843,1.5671278238296509,1.5554800033569336,1.5705981254577637,1.5503108501434326,1.5357671976089478,1.5502592325210571
44,1.650870442390442,1.6084948778152466,1.6060688495635986,1.6023503541946411,1.5980318784713745,1.597572922706604,1.5983246564865112,1.5850201845169067,1.5837510824203491,1.5677162408828735,1.5662115812301636,1.5802661180496216,1.6026710271835327,1.5794286727905273,1.5604759454727173
45,1.6462751626968384,1.6115293502807617,1.608410358428955,1.6063265800476074,1.6077399253845215,1.6023143529891968,1.5975433588027954,1.5962862968444824,1.5951802730560303,1.609291672706604,1.6020309925079346,1.5828242301940918,1.594847321510315,1.5418473482131958,1.5843476057052612
46,1.6384942531585693,1.6148796081542969,1.6104425191879272,1.6080243587493896,1.6048049926757812,1.6036583185195923,1.6031323671340942,1.5983099937438965,1.5941699743270874,1.5956952571868896,1.589147686958313,1.5931119918823242,1.5843658447265625,1.5969412326812744,1.563944697380066
47,1.641770839691162,1.6132111549377441,1.6110163927078247,1.609775424003601,1.6086748838424683,1.606170654296875,1.604361653327942,1.5988636016845703,1.5940276384353638,1.5680975914001465,1.5933140516281128,1.5773950815200806,1.571448802947998,1.5664077997207642,1.544289469718933
48,1.6240030527114868,1.6168649196624756,1.6136311292648315,1.6119171380996704,1.6101411581039429,1.6095819473266602,1.6058450937271118,1.600499153137207,1.5845880508422852,1.599570870399475,1.5815455913543701,1.5773262977600098,1.5623254776000977,1.5397731065750122,1.5467649698257446
49,1.6425296068191528,1.619389295578003,1.6166040897369385,1.6129897832870483,1.6099034547805786,1.6064772605895996,1.6045589447021484,1.5966010093688965,1.5859050750732422,1.6105372905731201,1.5909626483917236,1.5653483867645264,1.6334986686706543,1.6201808452606201,1.6177231073379517
